<Qucs Dataset 0.0.19>
<indep frequency 190>
  +5.00000000000000000000e+07
  +6.56084656084656119347e+07
  +8.12169312169312238693e+07
  +9.68253968253968209028e+07
  +1.12433862433862432837e+08
  +1.28042328042328044772e+08
  +1.43650793650793641806e+08
  +1.59259259259259253740e+08
  +1.74867724867724865675e+08
  +1.90476190476190477610e+08
  +2.06084656084656089544e+08
  +2.21693121693121701479e+08
  +2.37301587301587283611e+08
  +2.52910052910052895546e+08
  +2.68518518518518507481e+08
  +2.84126984126984119415e+08
  +2.99735449735449731350e+08
  +3.15343915343915343285e+08
  +3.30952380952380955219e+08
  +3.46560846560846567154e+08
  +3.62169312169312179089e+08
  +3.77777777777777791023e+08
  +3.93386243386243402958e+08
  +4.08994708994709014893e+08
  +4.24603174603174567223e+08
  +4.40211640211640179157e+08
  +4.55820105820105791092e+08
  +4.71428571428571403027e+08
  +4.87037037037037014961e+08
  +5.02645502645502626896e+08
  +5.18253968253968238831e+08
  +5.33862433862433850765e+08
  +5.49470899470899462700e+08
  +5.65079365079365015030e+08
  +5.80687830687830686569e+08
  +5.96296296296296238899e+08
  +6.11904761904761910439e+08
  +6.27513227513227462769e+08
  +6.43121693121693134308e+08
  +6.58730158730158686638e+08
  +6.74338624338624358177e+08
  +6.89947089947089910507e+08
  +7.05555555555555582047e+08
  +7.21164021164021134377e+08
  +7.36772486772486805916e+08
  +7.52380952380952358246e+08
  +7.67989417989418029785e+08
  +7.83597883597883582115e+08
  +7.99206349206349134445e+08
  +8.14814814814814805984e+08
  +8.30423280423280358315e+08
  +8.46031746031746029854e+08
  +8.61640211640211582184e+08
  +8.77248677248677253723e+08
  +8.92857142857142806053e+08
  +9.08465608465608477592e+08
  +9.24074074074074029922e+08
  +9.39682539682539701462e+08
  +9.55291005291005253792e+08
  +9.70899470899470925331e+08
  +9.86507936507936477661e+08
  +1.00211640211640214920e+09
  +1.01772486772486770153e+09
  +1.03333333333333337307e+09
  +1.04894179894179892540e+09
  +1.06455026455026447773e+09
  +1.08015873015873003006e+09
  +1.09576719576719570160e+09
  +1.11137566137566137314e+09
  +1.12698412698412704468e+09
  +1.14259259259259247780e+09
  +1.15820105820105814934e+09
  +1.17380952380952382088e+09
  +1.18941798941798949242e+09
  +1.20502645502645492554e+09
  +1.22063492063492059708e+09
  +1.23624338624338626862e+09
  +1.25185185185185194016e+09
  +1.26746031746031737328e+09
  +1.28306878306878304482e+09
  +1.29867724867724871635e+09
  +1.31428571428571414948e+09
  +1.32989417989417982101e+09
  +1.34550264550264549255e+09
  +1.36111111111111116409e+09
  +1.37671957671957659721e+09
  +1.39232804232804226875e+09
  +1.40793650793650794029e+09
  +1.42354497354497361183e+09
  +1.43915343915343904495e+09
  +1.45476190476190471649e+09
  +1.47037037037037038803e+09
  +1.48597883597883605957e+09
  +1.50158730158730149269e+09
  +1.51719576719576716423e+09
  +1.53280423280423283577e+09
  +1.54841269841269826889e+09
  +1.56402116402116394043e+09
  +1.57962962962962961197e+09
  +1.59523809523809528351e+09
  +1.61084656084656071663e+09
  +1.62645502645502638817e+09
  +1.64206349206349205971e+09
  +1.65767195767195773125e+09
  +1.67328042328042316437e+09
  +1.68888888888888883591e+09
  +1.70449735449735450745e+09
  +1.72010582010582017899e+09
  +1.73571428571428561211e+09
  +1.75132275132275128365e+09
  +1.76693121693121695518e+09
  +1.78253968253968262672e+09
  +1.79814814814814805984e+09
  +1.81375661375661373138e+09
  +1.82936507936507940292e+09
  +1.84497354497354483604e+09
  +1.86058201058201050758e+09
  +1.87619047619047617912e+09
  +1.89179894179894185066e+09
  +1.90740740740740728378e+09
  +1.92301587301587295532e+09
  +1.93862433862433862686e+09
  +1.95423280423280429840e+09
  +1.96984126984126973152e+09
  +1.98544973544973540306e+09
  +2.00105820105820107460e+09
  +2.01666666666666674614e+09
  +2.03227513227513217926e+09
  +2.04788359788359785080e+09
  +2.06349206349206352234e+09
  +2.07910052910052895546e+09
  +2.09470899470899462700e+09
  +2.11031746031746029854e+09
  +2.12592592592592597008e+09
  +2.14153439153439140320e+09
  +2.15714285714285707474e+09
  +2.17275132275132274628e+09
  +2.18835978835978841782e+09
  +2.20396825396825408936e+09
  +2.21957671957671976089e+09
  +2.23518518518518495560e+09
  +2.25079365079365062714e+09
  +2.26640211640211629868e+09
  +2.28201058201058197021e+09
  +2.29761904761904764175e+09
  +2.31322751322751331329e+09
  +2.32883597883597898483e+09
  +2.34444444444444417953e+09
  +2.36005291005290985107e+09
  +2.37566137566137552261e+09
  +2.39126984126984119415e+09
  +2.40687830687830686569e+09
  +2.42248677248677253723e+09
  +2.43809523809523820877e+09
  +2.45370370370370388031e+09
  +2.46931216931216907501e+09
  +2.48492063492063474655e+09
  +2.50052910052910041809e+09
  +2.51613756613756608963e+09
  +2.53174603174603176117e+09
  +2.54735449735449743271e+09
  +2.56296296296296310425e+09
  +2.57857142857142829895e+09
  +2.59417989417989397049e+09
  +2.60978835978835964203e+09
  +2.62539682539682531357e+09
  +2.64100529100529098511e+09
  +2.65661375661375665665e+09
  +2.67222222222222232819e+09
  +2.68783068783068799973e+09
  +2.70343915343915319443e+09
  +2.71904761904761886597e+09
  +2.73465608465608453751e+09
  +2.75026455026455020905e+09
  +2.76587301587301588058e+09
  +2.78148148148148155212e+09
  +2.79708994708994722366e+09
  +2.81269841269841241837e+09
  +2.82830687830687808990e+09
  +2.84391534391534376144e+09
  +2.85952380952380943298e+09
  +2.87513227513227510452e+09
  +2.89074074074074077606e+09
  +2.90634920634920644760e+09
  +2.92195767195767211914e+09
  +2.93756613756613731384e+09
  +2.95317460317460298538e+09
  +2.96878306878306865692e+09
  +2.98439153439153432846e+09
  +3.00000000000000000000e+09
</indep>
<dep S11 frequency>
  -2.97345024062013507660e+01
  -2.97989087683122058081e+01
  -2.97174649923198010981e+01
  -2.96690390666775094530e+01
  -2.96585944162226553544e+01
  -2.95380270881394615401e+01
  -2.93206566163941282355e+01
  -2.92298714801670556085e+01
  -2.92198562529794472198e+01
  -2.91759107684204650468e+01
  -2.91130763352465820049e+01
  -2.90227509227383819734e+01
  -2.89229965685750975979e+01
  -2.87878143770982788396e+01
  -2.86372868058806453462e+01
  -2.85687138935958913066e+01
  -2.85057724859317005439e+01
  -2.84371077785437087471e+01
  -2.83563322247046478708e+01
  -2.82254720044776235000e+01
  -2.81031885403508070453e+01
  -2.80205857133373648082e+01
  -2.79078771217513441627e+01
  -2.77111242483967785688e+01
  -2.75506261848280118443e+01
  -2.74742907595252638941e+01
  -2.73886357182893078743e+01
  -2.72916616732441354998e+01
  -2.71726195826643888154e+01
  -2.70268774901441979353e+01
  -2.69007781291770982079e+01
  -2.67910057562195262904e+01
  -2.66164804858482817451e+01
  -2.64033278272798384023e+01
  -2.62693336593670103696e+01
  -2.61671909200350718550e+01
  -2.60292428315766741775e+01
  -2.58796213055915167445e+01
  -2.56787559127321358687e+01
  -2.54697766723664322797e+01
  -2.53367800338470985366e+01
  -2.52120767248739880984e+01
  -2.51080579831250574330e+01
  -2.50040745312061005734e+01
  -2.48936579768668053703e+01
  -2.47770727437303506235e+01
  -2.46547302060124415846e+01
  -2.45243221900079078068e+01
  -2.43675530728419715842e+01
  -2.42293567795116189245e+01
  -2.41264291046237389082e+01
  -2.39813885686405825481e+01
  -2.37755155911076272446e+01
  -2.35628606180800375114e+01
  -2.33414944069868504073e+01
  -2.32052736928874523414e+01
  -2.31383353671305798116e+01
  -2.30719660376474031693e+01
  -2.30059890150802317521e+01
  -2.28660498120756656704e+01
  -2.26905468768175992977e+01
  -2.24903924513170139221e+01
  -2.22878167950185996915e+01
  -2.21475019020695249594e+01
  -2.20193158058608240424e+01
  -2.19085849818912521414e+01
  -2.17950377157041366161e+01
  -2.17069221227293667198e+01
  -2.16056206378262416479e+01
  -2.13557494796345928023e+01
  -2.11351446346306133250e+01
  -2.10380274463780772010e+01
  -2.09446363073373156283e+01
  -2.08640297786042658856e+01
  -2.07674403502156970092e+01
  -2.06357060868036334966e+01
  -2.04933928505646250073e+01
  -2.03382561382363391544e+01
  -2.02047133282112625352e+01
  -2.00922828195714551214e+01
  -1.99860709020669915503e+01
  -1.98827731546158332776e+01
  -1.97071225854619811457e+01
  -1.94943117841447026706e+01
  -1.93890168550457921981e+01
  -1.93273395373040770551e+01
  -1.92625785499399100331e+01
  -1.91962090235232309965e+01
  -1.89834613225245050216e+01
  -1.87513963231044726854e+01
  -1.86605774066253573551e+01
  -1.85784056584211825225e+01
  -1.84601680344390146615e+01
  -1.83481909395193838463e+01
  -1.82839727064112267385e+01
  -1.82053075804968429452e+01
  -1.80685797421990876899e+01
  -1.79270188814856474835e+01
  -1.77691537204245335602e+01
  -1.76482016399322247935e+01
  -1.75966341710555838063e+01
  -1.75053363730675286547e+01
  -1.73596709924859844421e+01
  -1.72365035895516811593e+01
  -1.71353147699555528050e+01
  -1.70421118361838175304e+01
  -1.69556867587787465368e+01
  -1.68197283548699587641e+01
  -1.66576094050304277516e+01
  -1.65373011832120866416e+01
  -1.64329953488921454152e+01
  -1.63276900812322907086e+01
  -1.62233078962091639141e+01
  -1.61573950479665526814e+01
  -1.60946585255815506343e+01
  -1.58528710729241151256e+01
  -1.56159607980960117857e+01
  -1.56916160007378842067e+01
  -1.57497155912892949914e+01
  -1.56805869416618275380e+01
  -1.56098346012182194187e+01
  -1.55299197278213245710e+01
  -1.54338459266065246567e+01
  -1.52930631892887518575e+01
  -1.51661938587735285466e+01
  -1.50653287750786368804e+01
  -1.49808779625183028372e+01
  -1.49165951029274150841e+01
  -1.48574229596954836552e+01
  -1.48031435029213334076e+01
  -1.47163823023074122887e+01
  -1.46075244833939699163e+01
  -1.45145886288588688018e+01
  -1.44302582095631244385e+01
  -1.43909830096115936016e+01
  -1.43670709627462667157e+01
  -1.42423943779751187577e+01
  -1.40957083723698612943e+01
  -1.39968480436765059238e+01
  -1.39047433520918168881e+01
  -1.38229501384260515806e+01
  -1.37429724551394158993e+01
  -1.37013457413208143976e+01
  -1.36510391882985828715e+01
  -1.35418762241998518192e+01
  -1.34330539163407358672e+01
  -1.33268269171211866109e+01
  -1.32469888509428344037e+01
  -1.32311059837804911865e+01
  -1.31902801393895519055e+01
  -1.31060064670757903116e+01
  -1.30159252521324138030e+01
  -1.29190151820347924883e+01
  -1.28224455428439281235e+01
  -1.27267037188724003727e+01
  -1.26579312774236036887e+01
  -1.26068969988940544624e+01
  -1.25535597489547861016e+01
  -1.24978693211066893554e+01
  -1.23906448415713903444e+01
  -1.22679411039859971311e+01
  -1.21961963386955538624e+01
  -1.21349882791334628962e+01
  -1.20895560452404566831e+01
  -1.20454904435824143860e+01
  -1.19707282613920629188e+01
  -1.18927111485184902051e+01
  -1.17827513214891475002e+01
  -1.16823975010262728347e+01
  -1.16355779325595634077e+01
  -1.15852933817444423426e+01
  -1.15211741095595847639e+01
  -1.14525241850819661238e+01
  -1.13743538185138213237e+01
  -1.12931352738430881288e+01
  -1.12069051168839841637e+01
  -1.11405307380433207243e+01
  -1.10977578318111635980e+01
  -1.10458510246389423060e+01
  -1.09849691868006047457e+01
  -1.09009243773996935545e+01
  -1.08028334762476525555e+01
  -1.07417655416519419731e+01
  -1.06977263710904608729e+01
  -1.06520495719823387049e+01
  -1.06058802779435996655e+01
  -1.05379331234362041414e+01
  -1.04648759910123665406e+01
  -1.03842144278508854427e+01
  -1.03038428331793205928e+01
</dep>
<dep S21 frequency>
  -1.05640054087607655475e+01
  -1.05615282393122473792e+01
  -1.05611528730821433442e+01
  -1.05672213599069060308e+01
  -1.05819245900161682528e+01
  -1.05833408330141747200e+01
  -1.05719046124135225284e+01
  -1.05644653238151420283e+01
  -1.05597338120076820189e+01
  -1.05580789083151653784e+01
  -1.05578562138244347324e+01
  -1.05595882369219147279e+01
  -1.05618356548249341387e+01
  -1.05676784990913308349e+01
  -1.05741036605431286688e+01
  -1.05762748530836709904e+01
  -1.05778084115155444067e+01
  -1.05783292085142743844e+01
  -1.05786552627965040330e+01
  -1.05808919296359409401e+01
  -1.05823051558564351637e+01
  -1.05794953993513036750e+01
  -1.05791583402936506531e+01
  -1.05888080449351367207e+01
  -1.05948784759600798111e+01
  -1.05925581663610834937e+01
  -1.05908254806273642856e+01
  -1.05902833306215189424e+01
  -1.05948544491266396506e+01
  -1.06058109605078882964e+01
  -1.06123752844888947777e+01
  -1.06149799961587820718e+01
  -1.06074990768452188661e+01
  -1.05931137819517058318e+01
  -1.05920911005255575787e+01
  -1.05973556545616141022e+01
  -1.06030320955805574812e+01
  -1.06086596885407917767e+01
  -1.06116856547179843062e+01
  -1.06138935769277598098e+01
  -1.06074220291894221191e+01
  -1.05999375564814037887e+01
  -1.06045373204184762983e+01
  -1.06089074263062705938e+01
  -1.06121511027808956840e+01
  -1.06142144785078311742e+01
  -1.06106017954836104877e+01
  -1.06108900723173142921e+01
  -1.06249479858254520792e+01
  -1.06320060849138720016e+01
  -1.06233956466004908492e+01
  -1.06191474298129229226e+01
  -1.06222298266776782327e+01
  -1.06290506566146110146e+01
  -1.06403144342139519551e+01
  -1.06471047578251170052e+01
  -1.06500083246015400107e+01
  -1.06522866702481096013e+01
  -1.06540358558810037692e+01
  -1.06591779154716359557e+01
  -1.06655887745037087910e+01
  -1.06621523028818909751e+01
  -1.06556547221135389236e+01
  -1.06544233518843523001e+01
  -1.06539540583298872889e+01
  -1.06642568008574141203e+01
  -1.06750574728951619363e+01
  -1.06822416538477042991e+01
  -1.06881034305343014523e+01
  -1.06811149019453477393e+01
  -1.06775349857706114420e+01
  -1.06936204897998194951e+01
  -1.07031922765640974404e+01
  -1.06924425381701393434e+01
  -1.06889106179119153239e+01
  -1.07012660219196060751e+01
  -1.07077658206868786550e+01
  -1.07053852777811453478e+01
  -1.07077629388520243481e+01
  -1.07155323050898623194e+01
  -1.07156944641534224161e+01
  -1.07096062038925197157e+01
  -1.07121567521952201218e+01
  -1.07198058831247813316e+01
  -1.07230065027686265466e+01
  -1.07240269416313225292e+01
  -1.07184807558469827882e+01
  -1.07110772736845696329e+01
  -1.07343150361731396458e+01
  -1.07620162429084267330e+01
  -1.07627331460814783526e+01
  -1.07616366737312780799e+01
  -1.07679301164997873741e+01
  -1.07737186444993771062e+01
  -1.07777912098886758940e+01
  -1.07821608649561504478e+01
  -1.07886263375621194172e+01
  -1.07962403987519568460e+01
  -1.08079410822135564274e+01
  -1.08205620634702874838e+01
  -1.08351856142463311983e+01
  -1.08350255687407006633e+01
  -1.08139713414272460312e+01
  -1.08147805002891335135e+01
  -1.08385189493718119280e+01
  -1.08462238046139258785e+01
  -1.08414893606502449330e+01
  -1.08554592010755683873e+01
  -1.08798012082917505694e+01
  -1.08745942699146542765e+01
  -1.08574156293558878872e+01
  -1.08739305497431288927e+01
  -1.08988774480024819269e+01
  -1.08980822908815628836e+01
  -1.08932603600171340474e+01
  -1.08931167636402044252e+01
  -1.08942738508266767639e+01
  -1.09392053023418451829e+01
  -1.09775792521772590504e+01
  -1.09639073403565401321e+01
  -1.09556507594260530425e+01
  -1.09717152979362602139e+01
  -1.09811858818175185348e+01
  -1.09732402997106106568e+01
  -1.09782802544223478947e+01
  -1.10085857233173456393e+01
  -1.10286220474894509636e+01
  -1.10341814234568680320e+01
  -1.10384077984060446909e+01
  -1.10416869178906935645e+01
  -1.10531708589512938090e+01
  -1.10703203176263436092e+01
  -1.10787423459622775823e+01
  -1.10826487824102493107e+01
  -1.10939743569665711931e+01
  -1.11074223772725737547e+01
  -1.11235778159078417815e+01
  -1.11401932444768814179e+01
  -1.11469030382958464998e+01
  -1.11521582458997379206e+01
  -1.11532958281365974784e+01
  -1.11546695029322542325e+01
  -1.11759618117034946749e+01
  -1.11955817672135875540e+01
  -1.12060295338647755159e+01
  -1.12142422211554269040e+01
  -1.12148054871665809884e+01
  -1.12280337387344868461e+01
  -1.12746498098736207538e+01
  -1.13053647233105252212e+01
  -1.13077671385429354700e+01
  -1.13123968730742578970e+01
  -1.13200701661928722075e+01
  -1.13304822983387296631e+01
  -1.13434503866243474590e+01
  -1.13577353870513562129e+01
  -1.13728933039683628436e+01
  -1.13875759915364156427e+01
  -1.14014637874492663627e+01
  -1.14229153994105203651e+01
  -1.14467898427424472629e+01
  -1.14619790629567841478e+01
  -1.14749550304762415465e+01
  -1.14914591657626061760e+01
  -1.15077626983442744546e+01
  -1.15439818924460819716e+01
  -1.15777067880911666009e+01
  -1.15728146651921903754e+01
  -1.15755590223986022380e+01
  -1.16299352678176060039e+01
  -1.16706033022655297771e+01
  -1.16621654816045356995e+01
  -1.16639992014479751958e+01
  -1.16907833944912535884e+01
  -1.17245210775555150917e+01
  -1.17704853198022814098e+01
  -1.17941878699374100847e+01
  -1.17908793433834535591e+01
  -1.18097831439255145369e+01
  -1.18483768461537728456e+01
  -1.18778105998163212575e+01
  -1.19010337559662655593e+01
  -1.19222740215523757001e+01
  -1.19422669919600039634e+01
  -1.19792800599114723781e+01
  -1.20212677984780498264e+01
  -1.20408083715340055164e+01
  -1.20558234937479582527e+01
  -1.20977974557988119386e+01
  -1.21414851025777323912e+01
</dep>
<dep Rn frequency>
  +1.41953329694685095319e+02
  +1.41813708088962755482e+02
  +1.41793679474270504670e+02
  +1.41889158208783157988e+02
  +1.42139543051648814753e+02
  +1.42212632969220123869e+02
  +1.42113638767642413541e+02
  +1.42033829350711613415e+02
  +1.41967103754416228867e+02
  +1.41985838883897656615e+02
  +1.42045297084161262546e+02
  +1.42065829713101010157e+02
  +1.42070647731611899189e+02
  +1.42135408070129301450e+02
  +1.42210299440814708305e+02
  +1.42296496089225144033e+02
  +1.42381169013682608693e+02
  +1.42195595878428605374e+02
  +1.42023699601783221169e+02
  +1.42228617262771308560e+02
  +1.42383076756163177379e+02
  +1.42222377269290689128e+02
  +1.42143170478312811156e+02
  +1.42377736455385104364e+02
  +1.42501291794344666641e+02
  +1.42356924989039811180e+02
  +1.42226501996726710786e+02
  +1.42123444036288759662e+02
  +1.42136074580468687145e+02
  +1.42292818877830001156e+02
  +1.42358461537597236202e+02
  +1.42341697667372216074e+02
  +1.42337692714977890773e+02
  +1.42339129335592957659e+02
  +1.42181493276599866249e+02
  +1.41947482852207770065e+02
  +1.41888749993495395074e+02
  +1.41885142269541546511e+02
  +1.41981790681244490315e+02
  +1.42093340514234881766e+02
  +1.42007070765685170954e+02
  +1.41900203434004680503e+02
  +1.41956193653692963608e+02
  +1.41988324035714441607e+02
  +1.41745601022997647078e+02
  +1.41509842913905060868e+02
  +1.41321966254869238355e+02
  +1.41218409700505844739e+02
  +1.41411393626752129649e+02
  +1.41474642494898631639e+02
  +1.41242945887170577635e+02
  +1.41058020117865510201e+02
  +1.40954674642538975604e+02
  +1.40933155816715242281e+02
  +1.41008507765776442966e+02
  +1.41032817955667979959e+02
  +1.41011997571825759223e+02
  +1.40898454819445618114e+02
  +1.40724985283425155558e+02
  +1.40543602260692921391e+02
  +1.40355061161693640770e+02
  +1.40215844484125085501e+02
  +1.40091375426820974326e+02
  +1.40049613099728333054e+02
  +1.40019013649984174208e+02
  +1.39761568698544493827e+02
  +1.39483517340701780540e+02
  +1.39482596122596817168e+02
  +1.39458860858257992277e+02
  +1.39204092302630556333e+02
  +1.39015504928015872110e+02
  +1.39191554594992396687e+02
  +1.39220106999268466552e+02
  +1.38787701866504278314e+02
  +1.38446344226484143292e+02
  +1.38300722520646331759e+02
  +1.38244387931806699044e+02
  +1.38327069539564178058e+02
  +1.38099229699465183785e+02
  +1.37528566203091116904e+02
  +1.37064196660027903363e+02
  +1.36684834996830716136e+02
  +1.36475147167695865846e+02
  +1.36365941256188079933e+02
  +1.36377472992360679882e+02
  +1.36435316819032919966e+02
  +1.36177920454465350986e+02
  +1.35833391606773346894e+02
  +1.35681586571227825289e+02
  +1.35556125577268261395e+02
  +1.35429274690661344493e+02
  +1.35297808788591112261e+02
  +1.35088095684324258627e+02
  +1.34845727116088937692e+02
  +1.34340962147125480897e+02
  +1.33893961974465156572e+02
  +1.33722475914215607418e+02
  +1.33564879499462705326e+02
  +1.33459524526832126412e+02
  +1.33398083780811390398e+02
  +1.33425460085110302089e+02
  +1.33112656029890388254e+02
  +1.32319912968291760080e+02
  +1.31924342920605909057e+02
  +1.31943559588110758796e+02
  +1.31812328136125501032e+02
  +1.31560550957230617541e+02
  +1.31113605285364286601e+02
  +1.30561227468347453851e+02
  +1.30157285543345352608e+02
  +1.29801460472312442107e+02
  +1.29630773823407764667e+02
  +1.29507905548932484407e+02
  +1.29006716998714694000e+02
  +1.28445136524157419444e+02
  +1.27404581670317767816e+02
  +1.26387000314282587965e+02
  +1.26698817894784482974e+02
  +1.26936671169125219194e+02
  +1.26561368447547522464e+02
  +1.26170397185318435618e+02
  +1.25724723822487050029e+02
  +1.25225051675577248034e+02
  +1.24584491563459948793e+02
  +1.24159801444086696165e+02
  +1.24149114624593750023e+02
  +1.23956592124681534983e+02
  +1.23509860279450791154e+02
  +1.23014795276426198711e+02
  +1.22475264476518816537e+02
  +1.22062956571820890872e+02
  +1.21742241265738627476e+02
  +1.21508294174551451761e+02
  +1.21318730406718188419e+02
  +1.21027284263985549728e+02
  +1.20694150873637198629e+02
  +1.20062436719264837848e+02
  +1.19361001242613369300e+02
  +1.18958967758081385568e+02
  +1.18591879690732966424e+02
  +1.17792817013945281701e+02
  +1.17009358912772839290e+02
  +1.16855187769421604571e+02
  +1.16611138796374035564e+02
  +1.15787795333688507071e+02
  +1.15036432264313475571e+02
  +1.14576692399662533717e+02
  +1.14246574373810091174e+02
  +1.14251682116661029909e+02
  +1.14049365550414933068e+02
  +1.13481248765854530802e+02
  +1.12889121248675579068e+02
  +1.12270457316367185285e+02
  +1.11686185395155874289e+02
  +1.11133381836260440423e+02
  +1.10738105239682127490e+02
  +1.10448066881867077882e+02
  +1.09744231122281021840e+02
  +1.08834731550411660805e+02
  +1.08296793680418559802e+02
  +1.07882165064381126740e+02
  +1.07322112500101667365e+02
  +1.06726543154660703294e+02
  +1.06472796406514262912e+02
  +1.06249680169751954395e+02
  +1.05773810686482192978e+02
  +1.05248978137792633447e+02
  +1.04146528092624279793e+02
  +1.03257764086980060370e+02
  +1.03676411486839640474e+02
  +1.03757864880471402103e+02
  +1.02619998788161211678e+02
  +1.01666252847227838174e+02
  +1.01137420207226341518e+02
  +1.00658474639860500588e+02
  +1.00265259753872769011e+02
  +9.98143609901027417663e+01
  +9.92977563420837014974e+01
  +9.87657583928555453667e+01
  +9.82159636357901320025e+01
  +9.74863968310089745728e+01
  +9.66408386536311923010e+01
  +9.63028046869255547335e+01
  +9.61937529621156812709e+01
  +9.59394122857779194646e+01
  +9.56359121414499497860e+01
  +9.46791854227128482080e+01
  +9.36025594905455733397e+01
  +9.33539250401818208047e+01
  +9.31705308545956825128e+01
</dep>
<dep Fmin frequency>
  +1.09341963804965374152e+01
  +1.09287306428524271240e+01
  +1.09236519632392887758e+01
  +1.09301234824626849473e+01
  +1.09520271897113161685e+01
  +1.09526294446784859815e+01
  +1.09326323498816009305e+01
  +1.09231190296740781065e+01
  +1.09209045411921881197e+01
  +1.09230395836191771508e+01
  +1.09271800595719685845e+01
  +1.09270579023525140627e+01
  +1.09252775680554528037e+01
  +1.09303082028278666371e+01
  +1.09365498644013356966e+01
  +1.09455285337898207132e+01
  +1.09545864509108046292e+01
  +1.09461997926884393451e+01
  +1.09381112652465759538e+01
  +1.09459826304799623387e+01
  +1.09519922108199114774e+01
  +1.09470948765601008290e+01
  +1.09461922019112876114e+01
  +1.09610962763562316269e+01
  +1.09697515387732078551e+01
  +1.09635357741501735518e+01
  +1.09572350261860460563e+01
  +1.09510710948967524558e+01
  +1.09537576097013058529e+01
  +1.09674680486758706621e+01
  +1.09756854660035738647e+01
  +1.09789460282385391565e+01
  +1.09748855584138631514e+01
  +1.09657170925753284507e+01
  +1.09589643344685345738e+01
  +1.09532240914471774573e+01
  +1.09563459811880026251e+01
  +1.09621857827519857409e+01
  +1.09695772689189094962e+01
  +1.09768335052455743295e+01
  +1.09677395494123963715e+01
  +1.09569325495753062683e+01
  +1.09653128168746363258e+01
  +1.09728827508010535752e+01
  +1.09724696857444463660e+01
  +1.09703647867885383249e+01
  +1.09595561787430693101e+01
  +1.09540133283228140471e+01
  +1.09671740074563945910e+01
  +1.09758812898742554864e+01
  +1.09746830056411823762e+01
  +1.09706616209920824190e+01
  +1.09625204189869922544e+01
  +1.09614541515955341566e+01
  +1.09687452223002708251e+01
  +1.09793364027325086596e+01
  +1.09927698428213993509e+01
  +1.09979472139537080011e+01
  +1.09977783224679406260e+01
  +1.10047361066619124870e+01
  +1.10144571468356282651e+01
  +1.10033423887823378351e+01
  +1.09859955626564556042e+01
  +1.09832633295822343911e+01
  +1.09828351558814354405e+01
  +1.09926915494760120140e+01
  +1.10029138236712640264e+01
  +1.10085162602286654732e+01
  +1.10121797601441500092e+01
  +1.09963347964467654805e+01
  +1.09876351734246551217e+01
  +1.10188334113746240206e+01
  +1.10376061621237369081e+01
  +1.10173043058313648856e+01
  +1.10075640852875871190e+01
  +1.10207025162072014268e+01
  +1.10284853516563376985e+01
  +1.10282796524415704909e+01
  +1.10197296790348087114e+01
  +1.10020502257785999234e+01
  +1.09971226334611511533e+01
  +1.10024600780714525428e+01
  +1.10004015109555961516e+01
  +1.09938814860391804729e+01
  +1.09980748921879545321e+01
  +1.10064456696876167285e+01
  +1.10051104596549826908e+01
  +1.10009723186423880037e+01
  +1.10180589456903508250e+01
  +1.10378985968056220202e+01
  +1.10369552137521420576e+01
  +1.10345080963104766880e+01
  +1.10367048351050041077e+01
  +1.10382349017397114466e+01
  +1.10377884901307350418e+01
  +1.10383969418789806838e+01
  +1.10449206678251758973e+01
  +1.10514342163164318578e+01
  +1.10590761567735764714e+01
  +1.10766752424841747882e+01
  +1.11147996222767595498e+01
  +1.11161140707610019973e+01
  +1.10648285401848109899e+01
  +1.10539772041429138483e+01
  +1.10856856994722470233e+01
  +1.10932702986965097125e+01
  +1.10818178333036296834e+01
  +1.10735011804315028883e+01
  +1.10668615775323253558e+01
  +1.10649364857914953575e+01
  +1.10640030319457522978e+01
  +1.10631924662141187810e+01
  +1.10623924985198520687e+01
  +1.10687916175686513753e+01
  +1.10754072357678765570e+01
  +1.10629465074619393050e+01
  +1.10513413420096817674e+01
  +1.11270975237641298605e+01
  +1.11917446873565609167e+01
  +1.11627712634164275585e+01
  +1.11383785289770678162e+01
  +1.11349180671020757671e+01
  +1.11307086397432541958e+01
  +1.11252366299067499966e+01
  +1.11237852110235682090e+01
  +1.11309429259491015074e+01
  +1.11415246340770330846e+01
  +1.11563658793576898631e+01
  +1.11680956564067166426e+01
  +1.11770086331806393076e+01
  +1.11871532365892640826e+01
  +1.11980380688329237415e+01
  +1.12042871209645173991e+01
  +1.12080136810757355903e+01
  +1.12210888391084822047e+01
  +1.12370288174809012105e+01
  +1.12435795017386652717e+01
  +1.12474272063007223466e+01
  +1.12369167326486820713e+01
  +1.12242889425600651521e+01
  +1.12088020169832294215e+01
  +1.11947647803717966752e+01
  +1.12250601438772967811e+01
  +1.12506534669752120692e+01
  +1.12471577736259753522e+01
  +1.12411791602422823644e+01
  +1.12280791921636904362e+01
  +1.12335893073361265948e+01
  +1.12881013578257878294e+01
  +1.13276095404646550691e+01
  +1.13401563075239995015e+01
  +1.13461845797244702538e+01
  +1.13441829289351403531e+01
  +1.13333691346588327775e+01
  +1.13141395243642755020e+01
  +1.13204779589775252902e+01
  +1.13443050883633507198e+01
  +1.13502782327713074295e+01
  +1.13466209909781028387e+01
  +1.13550134965387208297e+01
  +1.13671236316457537896e+01
  +1.13639178920327861277e+01
  +1.13567642269551445366e+01
  +1.13876928420382892426e+01
  +1.14221895148785819174e+01
  +1.14616451465421835820e+01
  +1.14953602353553332449e+01
  +1.14499324887247038163e+01
  +1.14216463646063992599e+01
  +1.15048808235790644972e+01
  +1.15614628131242174192e+01
  +1.15195861775199119847e+01
  +1.14954158660738183784e+01
  +1.15140907407232937487e+01
  +1.15365201420442371472e+01
  +1.15657780177972426827e+01
  +1.15782544412822261393e+01
  +1.15706501257606912958e+01
  +1.15897382522440111075e+01
  +1.16322975443747989033e+01
  +1.16466324657216855343e+01
  +1.16421440991699842726e+01
  +1.16653525901444226065e+01
  +1.17011199370172480627e+01
  +1.17341765568337059733e+01
  +1.17659259232758905966e+01
  +1.17612495513831074589e+01
  +1.17489185791869772402e+01
  +1.17811406354100789429e+01
  +1.18162515247676846997e+01
</dep>
<dep Sopt frequency>
  +2.47534421877684089608e-02+j2.52103180195103245692e-03
  +2.45108360972038710757e-02+j3.12657786567458514243e-03
  +2.46884043678268841338e-02+j3.61411172272157890997e-03
  +2.47492673979331986867e-02+j4.32116521165216461997e-03
  +2.46557063427616171558e-02+j5.31873465586651765491e-03
  +2.48847785063506139747e-02+j6.13113521096548229339e-03
  +2.54252648084586051203e-02+j6.76388000779113568450e-03
  +2.55413102472588707248e-02+j7.58218442828441103326e-03
  +2.53582509483698537167e-02+j8.53170871747990430811e-03
  +2.52844459687100661660e-02+j9.41732398431936214289e-03
  +2.52651433275293407776e-02+j1.02707619277331661106e-02
  +2.53440808843444567722e-02+j1.09503770110136490479e-02
  +2.54564806256713828392e-02+j1.15694459235340281478e-02
  +2.54553220154897542893e-02+j1.27444648511304391841e-02
  +2.54278505213072041069e-02+j1.40401436926812454159e-02
  +2.52741152312155360760e-02+j1.48899235163305505847e-02
  +2.51055233906361703611e-02+j1.56893795508156880247e-02
  +2.48406163546834590772e-02+j1.68408337402928126592e-02
  +2.46048888669726205369e-02+j1.79585727512348650170e-02
  +2.49343167377002322693e-02+j1.83478766857899343312e-02
  +2.51677495526623218325e-02+j1.88393628613821792483e-02
  +2.47770266188412323360e-02+j1.99995161723969909484e-02
  +2.44921824757032176312e-02+j2.11408812570139451048e-02
  +2.46080552760394033474e-02+j2.22130313418457923935e-02
  +2.46143645303820018944e-02+j2.32393458201547616071e-02
  +2.43524257660497379929e-02+j2.41551664802506678431e-02
  +2.41496917298153757070e-02+j2.50189538837482169931e-02
  +2.40502450060918540609e-02+j2.57927344465529173601e-02
  +2.39540525682785006290e-02+j2.66601648197641871718e-02
  +2.38620366779212396413e-02+j2.76440408474397068816e-02
  +2.36834556738218862670e-02+j2.86213868430729781456e-02
  +2.34258437645468407806e-02+j2.95931189479947363841e-02
  +2.34786615761638992050e-02+j3.06441307264554013701e-02
  +2.37363369330110957067e-02+j3.17467429255892594209e-02
  +2.34339860023207134654e-02+j3.28907810178290932468e-02
  +2.28661968878610157019e-02+j3.40546795722660722294e-02
  +2.24688899368707777071e-02+j3.52396603269966371408e-02
  +2.21252770869662246378e-02+j3.64307481543213185216e-02
  +2.20108599014493325208e-02+j3.78469027358244794468e-02
  +2.19399523707312776866e-02+j3.93071041637375953592e-02
  +2.19572820933610461658e-02+j4.01907939566777186458e-02
  +2.19819765596488136961e-02+j4.10190571931761671642e-02
  +2.17320997405949928316e-02+j4.18122541384185059110e-02
  +2.14324411523210342501e-02+j4.26407756194326081900e-02
  +2.05071086341201448688e-02+j4.39650872834101424935e-02
  +1.96785640005881501402e-02+j4.52471858013020339362e-02
  +1.94214088893461811480e-02+j4.62864894269281873518e-02
  +1.92316635361163730533e-02+j4.73270375467276724346e-02
  +1.92769973446773670855e-02+j4.83712825433203069680e-02
  +1.90171093166411134256e-02+j4.94462387150824828064e-02
  +1.80564955666427592873e-02+j5.05934206328066335412e-02
  +1.74253759339167146880e-02+j5.18614455437561919227e-02
  +1.73312561813490362272e-02+j5.33264268815598074802e-02
  +1.71839580772866415415e-02+j5.49442959146785384061e-02
  +1.69737616049408270025e-02+j5.67435188984147104163e-02
  +1.64329098894943383125e-02+j5.80306819961161346466e-02
  +1.56066351851567464842e-02+j5.88760984297997252979e-02
  +1.48683721353832076079e-02+j5.96384787268999169707e-02
  +1.41849839955154946591e-02+j6.03483184899495789244e-02
  +1.30412112286000057143e-02+j6.18454793749399420189e-02
  +1.16911897162865988792e-02+j6.36919328387346578291e-02
  +1.14873893644395434072e-02+j6.53537669277656080302e-02
  +1.16230876564111969274e-02+j6.69592469715514782003e-02
  +1.14246817643551771410e-02+j6.81583376349210595668e-02
  +1.11653692709817245476e-02+j6.92839586310183552786e-02
  +9.64238428323457678892e-03+j7.06076256833703952420e-02
  +8.02330968411498098025e-03+j7.19440368601542840077e-02
  +7.67345154253852926307e-03+j7.27831378555115482420e-02
  +7.30448170889346284906e-03+j7.37502720710208475863e-02
  +6.72872113390438585101e-03+j7.61361003535837854717e-02
  +6.08756157515313953837e-03+j7.83058476951078719086e-02
  +5.12393850648126293612e-03+j7.93592194149919522017e-02
  +4.20209393520252789261e-03+j8.03482350686437196696e-02
  +3.41859183494474605861e-03+j8.11344341228456555903e-02
  +2.45370433941939029149e-03+j8.21591052627893281279e-02
  +1.09734961771372203747e-03+j8.37014517328843049571e-02
  +2.76799287217680727372e-04+j8.52375864268389710210e-02
  +2.79473523468803486218e-04+j8.67612817625665611043e-02
  -3.65575881797970344850e-04+j8.81500099271515236143e-02
  -1.73257056910986330205e-03+j8.93896929010706137175e-02
  -3.42584318796527878895e-03+j9.05879059731565516866e-02
  -5.38488226090601436458e-03+j9.17530856155509694227e-02
  -6.43086388944484090013e-03+j9.36967792160456336426e-02
  -6.93912427481269827867e-03+j9.60989116729695780350e-02
  -7.33170889620992152769e-03+j9.72808596178059981074e-02
  -7.67675983586458936248e-03+j9.79553419592037871722e-02
  -8.75761202564941110271e-03+j9.86067644717169150548e-02
  -1.00402392369534094324e-02+j9.92511660644308096879e-02
  -1.18196045675907756428e-02+j1.01777385944397169570e-01
  -1.36840724542142272435e-02+j1.04601173762417329338e-01
  -1.43744352321287845869e-02+j1.05749058111965027473e-01
  -1.50028981583955438317e-02+j1.06797403627579709506e-01
  -1.61729096046394280051e-02+j1.08169340752562237462e-01
  -1.74247019990144517976e-02+j1.09465605237429070007e-01
  -1.94210636065346026191e-02+j1.10079850518987359953e-01
  -2.13063164348706833573e-02+j1.10887178039238809557e-01
  -2.26625748147896988183e-02+j1.12607528510206139627e-01
  -2.39845698899547703220e-02+j1.14409450649189239901e-01
  -2.51995909084935104660e-02+j1.16453644622416779830e-01
  -2.66080977619085404240e-02+j1.17957162082158534266e-01
  -2.84043904874385425008e-02+j1.18369582181059238013e-01
  -2.99349569977102152041e-02+j1.19349612574730562509e-01
  -3.10796781537096382386e-02+j1.21150291222023545612e-01
  -3.24915527806855231052e-02+j1.22730603553118530757e-01
  -3.41876806907766006560e-02+j1.24081281529986750534e-01
  -3.53601633434839426884e-02+j1.25305529265749671097e-01
  -3.61275169745074176131e-02+j1.26430333013536039255e-01
  -3.78208980673312433751e-02+j1.28145893070941069292e-01
  -4.00304828271924595384e-02+j1.30188891382810756348e-01
  -4.20194023242137226770e-02+j1.31669167529559399954e-01
  -4.39248382667773995536e-02+j1.32929305094208194404e-01
  -4.49035783300226754022e-02+j1.34529609578383196888e-01
  -4.56498151013249031660e-02+j1.36215192282613417607e-01
  -4.81102649438164137186e-02+j1.36629204368284129512e-01
  -5.08129180548555700603e-02+j1.36862817433034050785e-01
  -5.53173623557097066117e-02+j1.39778191268592144603e-01
  -5.98131303082120105441e-02+j1.42656215480890052882e-01
  -6.13836614013438461313e-02+j1.40845618710070230595e-01
  -6.28431372141110972107e-02+j1.39350825737465017218e-01
  -6.33775999610917684102e-02+j1.40395322587301724093e-01
  -6.41466519511039723334e-02+j1.41391040576142268392e-01
  -6.59212037742210876790e-02+j1.42192194940411242854e-01
  -6.80198207425550815941e-02+j1.43193350112340245239e-01
  -7.10073080531035544238e-02+j1.44752550185848261055e-01
  -7.32381287092886551493e-02+j1.46412691280140810912e-01
  -7.40286376558533798509e-02+j1.48267574941370411379e-01
  -7.56101560862146720998e-02+j1.49435230059525775426e-01
  -7.82732992596934101792e-02+j1.49664585798222726787e-01
  -8.09175337068716166167e-02+j1.49663544089439298768e-01
  -8.35407625480005661123e-02+j1.49433381501985346196e-01
  -8.59549987354675526507e-02+j1.50116634870581605599e-01
  -8.82186891757812258197e-02+j1.51462478606177869400e-01
  -8.99553468758656077364e-02+j1.52781998208086328139e-01
  -9.14174186898406848645e-02+j1.54087854527650447434e-01
  -9.32271215436717287650e-02+j1.54076953312128950291e-01
  -9.51623656585517119222e-02+j1.53587520679006689361e-01
  -9.85027927732221031398e-02+j1.54684288299868744065e-01
  -1.02169656060180635837e-01+j1.56142564471636408063e-01
  -1.03921456558787816959e-01+j1.57630458088231117930e-01
  -1.05438952028309718134e-01+j1.59120143796540658432e-01
  -1.08346951539936980913e-01+j1.59561164208826572475e-01
  -1.11257422225123178694e-01+j1.59940051676257688484e-01
  -1.13245948672204124752e-01+j1.59802238710930799570e-01
  -1.15441593199925987556e-01+j1.59741301081967268516e-01
  -1.19084762515592135212e-01+j1.60250850385087295624e-01
  -1.22421072927717575207e-01+j1.60994502157379787421e-01
  -1.24545522602713579219e-01+j1.62668220797382329090e-01
  -1.26642064242417695663e-01+j1.63668131575163411373e-01
  -1.28666392773921861581e-01+j1.62950061442158483649e-01
  -1.31132562589942824882e-01+j1.62502728686857028650e-01
  -1.34383399107979500942e-01+j1.62541561536123840837e-01
  -1.37524608342592780108e-01+j1.62851249102412165559e-01
  -1.40523742328396844536e-01+j1.63513788872789250783e-01
  -1.43111546173772474777e-01+j1.64644759746095159514e-01
  -1.45313088298037879076e-01+j1.66216697680369979162e-01
  -1.47618318586542396353e-01+j1.66756828365105219669e-01
  -1.49995027003545222666e-01+j1.66587347232261956398e-01
  -1.53155877383127775326e-01+j1.65760891702147861171e-01
  -1.56702232561144377820e-01+j1.64607748744631382509e-01
  -1.59982056742509898273e-01+j1.65600613628137161015e-01
  -1.63174220523861490673e-01+j1.67311235395760371514e-01
  -1.65801922396465656329e-01+j1.67726632343442039197e-01
  -1.68312946462349066756e-01+j1.67867335251052712808e-01
  -1.70789951125258659959e-01+j1.67448796503421482029e-01
  -1.73264734523187219351e-01+j1.66965197188586739196e-01
  -1.76958322453784844264e-01+j1.66252873923751404162e-01
  -1.80673033999712656650e-01+j1.65625789946717838497e-01
  -1.84357476524666996642e-01+j1.66455720046904481757e-01
  -1.87788278776758688071e-01+j1.67252267582274766200e-01
  -1.89644710864357746161e-01+j1.67872537632973634070e-01
  -1.91826240814489956676e-01+j1.68156990481166584983e-01
  -1.95175042164854734006e-01+j1.67245070919640664853e-01
  -1.98530352258314252145e-01+j1.66560249994250147987e-01
  -2.01902008615399197744e-01+j1.66424744118867512510e-01
  -2.05289480424795584002e-01+j1.66582852071161913177e-01
  -2.08707008446422093151e-01+j1.67239064222522743064e-01
  -2.11576623532329255450e-01+j1.67436368582132816263e-01
  -2.13773783624538527004e-01+j1.67077610620384037210e-01
  -2.16865627852572601109e-01+j1.66044828964827834161e-01
  -2.20756196540437099607e-01+j1.64407969183737207031e-01
  -2.24802085373186633088e-01+j1.63784131265985427595e-01
  -2.28949183192161009881e-01+j1.63815300654469170327e-01
  -2.31759405382042982247e-01+j1.63874939093911653476e-01
  -2.33955441011616388503e-01+j1.63945056761655438837e-01
  -2.36465508481892461301e-01+j1.63620746424350843595e-01
  -2.39072842911634969587e-01+j1.63166750795264992036e-01
  -2.43078751719545349541e-01+j1.61462748100320463429e-01
  -2.47350365205091377030e-01+j1.59519344380740613065e-01
  -2.50432050794185845355e-01+j1.60542115553065384281e-01
  -2.53408136046425147558e-01+j1.61819401157740017094e-01
</dep>
<dep F frequency>
  +1.09408913238791019040e+01
  +1.09353299289317220655e+01
  +1.09303778935076199019e+01
  +1.09369462777902821671e+01
  +1.09589172975607489491e+01
  +1.09597436128189134052e+01
  +1.09401162288766311548e+01
  +1.09307876479456691499e+01
  +1.09286368083357281478e+01
  +1.09309052329115026225e+01
  +1.09352202513335754475e+01
  +1.09352969817387979390e+01
  +1.09337273829925845092e+01
  +1.09390699023132054180e+01
  +1.09456766549999997551e+01
  +1.09548451629818046626e+01
  +1.09640843557532008390e+01
  +1.09559522008027627749e+01
  +1.09481507363846848335e+01
  +1.09563597441720617098e+01
  +1.09627004236884744159e+01
  +1.09580753498958287651e+01
  +1.09575287050048277848e+01
  +1.09730141928610382962e+01
  +1.09821887842876009245e+01
  +1.09762979575419414857e+01
  +1.09703439413829091365e+01
  +1.09645466358860748102e+01
  +1.09676793586581275974e+01
  +1.09819389596231520301e+01
  +1.09906723002862367622e+01
  +1.09944204994237537676e+01
  +1.09910715707537747221e+01
  +1.09827728597102378671e+01
  +1.09766575632448777355e+01
  +1.09714662278577144150e+01
  +1.09752884543826816355e+01
  +1.09818989783065958932e+01
  +1.09903937926354746679e+01
  +1.09988576085279277095e+01
  +1.09905193095216500154e+01
  +1.09804342814056212774e+01
  +1.09894287389746629913e+01
  +1.09976365447894277594e+01
  +1.09980479420695065329e+01
  +1.09968202341319827298e+01
  +1.09869110424454650143e+01
  +1.09823332198189085318e+01
  +1.09966320527724459311e+01
  +1.10063996968768318396e+01
  +1.10060662343662265528e+01
  +1.10032077359401263550e+01
  +1.09966826847586300886e+01
  +1.09974633000626198509e+01
  +1.10068884504341344410e+01
  +1.10189326877322404385e+01
  +1.10332094920725332088e+01
  +1.10391494221525157116e+01
  +1.10396940763822328790e+01
  +1.10483415903044726036e+01
  +1.10602781876629965296e+01
  +1.10514166876372303960e+01
  +1.10363548076662496555e+01
  +1.10353358808719796968e+01
  +1.10365381780743803120e+01
  +1.10481224274171712096e+01
  +1.10601700521632775320e+01
  +1.10670724438963610226e+01
  +1.10722500183756231706e+01
  +1.10601612017734023397e+01
  +1.10550047680412451001e+01
  +1.10881067673879147861e+01
  +1.11086484865659880228e+01
  +1.10895525446963620908e+01
  +1.10815303979922692434e+01
  +1.10975229976887739269e+01
  +1.11082153528349394378e+01
  +1.11109130805655347274e+01
  +1.11049782246803392383e+01
  +1.10896007405000869284e+01
  +1.10871101358216641586e+01
  +1.10950480659761190338e+01
  +1.10970939672312116642e+01
  +1.10956214547654603564e+01
  +1.11024478454265000948e+01
  +1.11124233791475433009e+01
  +1.11127039467817265717e+01
  +1.11102196418664416200e+01
  +1.11335308540638617814e+01
  +1.11605754416481790514e+01
  +1.11625327670143512648e+01
  +1.11627540603152670684e+01
  +1.11686705107449153473e+01
  +1.11738352870080479562e+01
  +1.11757068283055485125e+01
  +1.11791719052852123184e+01
  +1.11907537027832564291e+01
  +1.12026317473140935022e+01
  +1.12163419432696027656e+01
  +1.12389818477143670350e+01
  +1.12799020380957681908e+01
  +1.12848941627689605127e+01
  +1.12385011221772455059e+01
  +1.12328306291959965080e+01
  +1.12700910159740903538e+01
  +1.12821846152455300683e+01
  +1.12743744781742520900e+01
  +1.12722350163287732272e+01
  +1.12733308092504316278e+01
  +1.12776549810509827410e+01
  +1.12824355164001612906e+01
  +1.12874163599660057855e+01
  +1.12924783798464787310e+01
  +1.13029567558411603301e+01
  +1.13135403237547791377e+01
  +1.13155078126156514173e+01
  +1.13188837352618740795e+01
  +1.13926974408046586262e+01
  +1.14560918592409599626e+01
  +1.14306050057001549192e+01
  +1.14099969629495863188e+01
  +1.14116744222105825912e+01
  +1.14138772550079412582e+01
  +1.14183304459093246663e+01
  +1.14261778574862127300e+01
  +1.14411131907448062606e+01
  +1.14587325496916623280e+01
  +1.14796089172345201490e+01
  +1.14966242516589058908e+01
  +1.15100691590203112469e+01
  +1.15277094901758161427e+01
  +1.15483036964515086709e+01
  +1.15631289468267226539e+01
  +1.15748584395187297247e+01
  +1.15922608608832238275e+01
  +1.16112390530828157864e+01
  +1.16296741980520703663e+01
  +1.16477786335795894246e+01
  +1.16467271075653044932e+01
  +1.16430195873771680226e+01
  +1.16360272045734731705e+01
  +1.16305088624075221304e+01
  +1.16667792752005805568e+01
  +1.16991552222483274903e+01
  +1.17077313681398855749e+01
  +1.17140755505410147919e+01
  +1.17133042391672415050e+01
  +1.17293366945232548915e+01
  +1.17895308604629658333e+01
  +1.18367754057298242287e+01
  +1.18607097581018052779e+01
  +1.18787969934585433407e+01
  +1.18896229466598342128e+01
  +1.18918405968237710368e+01
  +1.18857734690743992445e+01
  +1.19029566570925791069e+01
  +1.19360999912900798137e+01
  +1.19508137071561311160e+01
  +1.19557891085852450175e+01
  +1.19816153441305495164e+01
  +1.20143999495456910154e+01
  +1.20235168375297973853e+01
  +1.20269818996316146809e+01
  +1.20686192412054520418e+01
  +1.21139995274190415131e+01
  +1.21692178696907671309e+01
  +1.22192802750202282880e+01
  +1.21916955700567619658e+01
  +1.21812983041776270454e+01
  +1.22817390429816626352e+01
  +1.23541524051863333966e+01
  +1.23222343945128596232e+01
  +1.23105304234002748132e+01
  +1.23474860151724001867e+01
  +1.23901805110471752158e+01
  +1.24429010658555210256e+01
  +1.24730731041293818606e+01
  +1.24757854014361377892e+01
  +1.25094977543105123630e+01
  +1.25708741978021709684e+01
  +1.26077261291366085061e+01
  +1.26282594349616275053e+01
  +1.26712854387614530793e+01
  +1.27245052406052927552e+01
  +1.27749862237778817331e+01
  +1.28242955248679439961e+01
  +1.28380632625154262882e+01
  +1.28448170561761365605e+01
  +1.29057864341269716846e+01
  +1.29708705080937196641e+01
</dep>
<dep S[1,1] frequency>
  +3.24773074058255575847e-02-j2.87487009030970358178e-03
  +3.21653161663601194764e-02-j3.57548936244650537170e-03
  +3.24034898558845929628e-02-j4.15123208757339681035e-03
  +3.24739504520088692607e-02-j4.96266276834115682010e-03
  +3.23227996247238344441e-02-j6.08445855381790912109e-03
  +3.26048655760477756882e-02-j7.01139215743603640141e-03
  +3.33052103331423765553e-02-j7.75148699732781075455e-03
  +3.34444390759382065292e-02-j8.68866694702868230804e-03
  +3.31881132275943860344e-02-j9.76367160650617842144e-03
  +3.30607678472523008883e-02-j1.07674163023368171799e-02
  +3.29978515409969502814e-02-j1.17350702264592404722e-02
  +3.31003496294347207551e-02-j1.25185666826767988402e-02
  +3.32593767803073120382e-02-j1.32385782703599678978e-02
  +3.33133560977393189395e-02-j1.45664360774369963658e-02
  +3.33425157796381974040e-02-j1.60268588165670584911e-02
  +3.31911556132104962336e-02-j1.69915125150796493536e-02
  +3.30187475229134080879e-02-j1.79003801573075320419e-02
  +3.26350197453248724866e-02-j1.91858666993307662441e-02
  +3.22878252559300332747e-02-j2.04338724366347340711e-02
  +3.26774413312816355837e-02-j2.09020286453408428440e-02
  +3.29576789124195884684e-02-j2.14818833793293875734e-02
  +3.25276490848524224564e-02-j2.27892642215080445944e-02
  +3.22340857161780916518e-02-j2.40797608790510042631e-02
  +3.24559265196908003359e-02-j2.53083401575612196299e-02
  +3.25055161466114989066e-02-j2.64775676212490769512e-02
  +3.21342756222305278579e-02-j2.74995630539353851096e-02
  +3.18447537405314937131e-02-j2.84671812007092003838e-02
  +3.16972930124846188904e-02-j2.93419041535792173014e-02
  +3.15877132572838018043e-02-j3.03270202277768942400e-02
  +3.15251812663625147204e-02-j3.14502014518618228101e-02
  +3.13305470280403480787e-02-j3.25540931437372227375e-02
  +3.10156641349740129499e-02-j3.36400970194796061774e-02
  +3.10777665926905595495e-02-j3.48374471378058020443e-02
  +3.13887904119817956472e-02-j3.61089567851474307902e-02
  +3.10300317781584678034e-02-j3.73895380876255803426e-02
  +3.03541347030293479081e-02-j3.86736370349462649232e-02
  +2.99162450773606744536e-02-j4.00005995471433492550e-02
  +2.95534672032584239121e-02-j4.13409959197257731445e-02
  +2.93763961924693416117e-02-j4.29157360680350180582e-02
  +2.92343249860929771389e-02-j4.45355948580596835984e-02
  +2.92120853135259435363e-02-j4.55299384133289186671e-02
  +2.92001907821010965594e-02-j4.64641201025924738266e-02
  +2.89686177068777840626e-02-j4.73855056240684649471e-02
  +2.86748811727335767285e-02-j4.83431836620830945872e-02
  +2.75880804851823188684e-02-j4.97952135260156317220e-02
  +2.66009106803868008995e-02-j5.11979496708995993060e-02
  +2.62001635869763375986e-02-j5.23211047410118562651e-02
  +2.59003708770669804906e-02-j5.34554887890282687257e-02
  +2.59500748495564668994e-02-j5.46315107534934285560e-02
  +2.56542829127690309721e-02-j5.58402984385777192977e-02
  +2.45658186121763578991e-02-j5.71259000310726100524e-02
  +2.38703210363702504615e-02-j5.85523418259788624995e-02
  +2.38150472451104655569e-02-j6.02088511751289190421e-02
  +2.36366232319265186235e-02-j6.19996595045611970098e-02
  +2.33138151972448678939e-02-j6.39479536197065379088e-02
  +2.26205552348230087834e-02-j6.53360762954161705673e-02
  +2.16076882253610699780e-02-j6.62408730207184187622e-02
  +2.07349467890108607460e-02-j6.70788188921044026269e-02
  +1.99494870875762189688e-02-j6.78747639696407889520e-02
  +1.85419817596577454766e-02-j6.94626365849352611637e-02
  +1.68583869117875269350e-02-j7.13989835564305119764e-02
  +1.65783630404559081950e-02-j7.32190216239225200034e-02
  +1.67137591691946217620e-02-j7.50041915618746973804e-02
  +1.64793958309681354280e-02-j7.63367906115430816527e-02
  +1.61776278302426940181e-02-j7.75877405043116225025e-02
  +1.43747786548620321706e-02-j7.89756770643900568585e-02
  +1.24601688956578714185e-02-j8.03693481563490796926e-02
  +1.20273471967590993292e-02-j8.12736446888871894023e-02
  +1.15651430030972082047e-02-j8.23140892780108296423e-02
  +1.07795574256247441575e-02-j8.48666676191851127031e-02
  +9.93856136558174743656e-03-j8.71844768552046817112e-02
  +8.82360109891914927427e-03-j8.82959654396726634218e-02
  +7.77108629418792745680e-03-j8.93577159859381825457e-02
  +6.91963886923690520148e-03-j9.02664146016570884123e-02
  +5.77982050306973492437e-03-j9.13609555052471017378e-02
  +4.02170558144920690935e-03-j9.28555218440703378224e-02
  +2.96309853945457817720e-03-j9.44314503490840534417e-02
  +2.97322717714640881448e-03-j9.61345693753882513111e-02
  +2.22950122588526670683e-03-j9.76452580802813080441e-02
  +6.46980190317824124802e-04-j9.89410634967794605510e-02
  -1.35593735357677352971e-03-j1.00151314798342466750e-01
  -3.70086888002968232569e-03-j1.01291185824410767680e-01
  -4.98138731877522701608e-03-j1.03309340980896002815e-01
  -5.63474572067919777379e-03-j1.05844884439007941301e-01
  -6.10774036674145790610e-03-j1.07113513829986392589e-01
  -6.50670917500861204635e-03-j1.07855963691684084149e-01
  -7.69028872005294260317e-03-j1.08588713637992634320e-01
  -9.08947702767743184737e-03-j1.09318456615220563344e-01
  -1.12462096325908703781e-02-j1.11851733664695737747e-01
  -1.35227470216422989563e-02-j1.14665002719540054521e-01
  -1.44435856440881596474e-02-j1.15775730185777941950e-01
  -1.52881236214362208753e-02-j1.16785801485790402543e-01
  -1.66037578409667894996e-02-j1.18236371668335976670e-01
  -1.80159610838621433992e-02-j1.19596358144748962649e-01
  -2.03148127406446790677e-02-j1.20137747743943631984e-01
  -2.25035665488513732246e-02-j1.20874793930062868208e-01
  -2.41738675547038886493e-02-j1.22540810095425459214e-01
  -2.57834078331666514960e-02-j1.24309017970536464515e-01
  -2.72153195084568616524e-02-j1.26386269756577296342e-01
  -2.88417537155583325603e-02-j1.27884135977453766708e-01
  -3.08602618193011130066e-02-j1.28215154687707999503e-01
  -3.25650583861560594112e-02-j1.29230313652629213994e-01
  -3.38185990306665157368e-02-j1.31236721797275274204e-01
  -3.54834779909252023833e-02-j1.32800761325564453674e-01
  -3.75777248323584736611e-02-j1.33897167107752956827e-01
  -3.89597762642723138837e-02-j1.35063767146538171726e-01
  -3.97960322089858375971e-02-j1.36284730499796391534e-01
  -4.16506414372354236142e-02-j1.38070604405156172056e-01
  -4.40705233194698051125e-02-j1.40168162376016453008e-01
  -4.63845684817796172217e-02-j1.41577627920226351010e-01
  -4.86570649037958227745e-02-j1.42715725488429062695e-01
  -4.97978487964775146102e-02-j1.44268751783759807683e-01
  -5.06530494669412828523e-02-j1.45925327004557903177e-01
  -5.34415823231110601044e-02-j1.46180757057536386823e-01
  -5.65007172660424578092e-02-j1.46235999786188092253e-01
  -6.16998638810579008718e-02-j1.48921250133064037025e-01
  -6.68846502462201591976e-02-j1.51550966487593696819e-01
  -6.87110882590202948217e-02-j1.49151414038691226827e-01
  -7.03917778165771973464e-02-j1.47152950068539289941e-01
  -7.09316720378577320050e-02-j1.48339568004770994136e-01
  -7.17253947344506925798e-02-j1.49450512954136194299e-01
  -7.36013632712127080504e-02-j1.50243701602826268404e-01
  -7.58882333986337365150e-02-j1.51186649609405698858e-01
  -7.93016935942764122913e-02-j1.52546746282710393716e-01
  -8.18179751824188172815e-02-j1.54082221824394488552e-01
  -8.26325688568735478023e-02-j1.55956754354521387462e-01
  -8.43709295907563716632e-02-j1.56983646535876736339e-01
  -8.73675277464366073499e-02-j1.56853008577403113533e-01
  -9.02796983972763977810e-02-j1.56613359176082878044e-01
  -9.31111023288994227309e-02-j1.56267320854444335954e-01
  -9.57218058740554184061e-02-j1.56825299858854710910e-01
  -9.81703344118433351984e-02-j1.58038753768825146473e-01
  -1.00110705673281077943e-01-j1.59186048833614979259e-01
  -1.01785172215872965484e-01-j1.60298157395498186428e-01
  -1.03725717067153319628e-01-j1.60075741699254425754e-01
  -1.05760798021316687612e-01-j1.59370003763804585217e-01
  -1.09392108937985274575e-01-j1.60259113526702939856e-01
  -1.13389143072110343269e-01-j1.61511239684883289858e-01
  -1.15277828522248271259e-01-j1.62943680483797814773e-01
  -1.16907323088731085470e-01-j1.64396581225862009612e-01
  -1.20130248118463206497e-01-j1.64426122386928524888e-01
  -1.23342417707203153010e-01-j1.64391576669327188487e-01
  -1.25394757026146774770e-01-j1.64075868083602194325e-01
  -1.27680159533406611949e-01-j1.63827227001493991310e-01
  -1.31607480255007791570e-01-j1.64070691943959678927e-01
  -1.35201993050754282200e-01-j1.64568141600829859206e-01
  -1.37497278155702923330e-01-j1.66072204995369010483e-01
  -1.39729622350099363937e-01-j1.66804003268066047827e-01
  -1.41804386771170520820e-01-j1.65568520672312563535e-01
  -1.44374103316762342208e-01-j1.64700846261858740993e-01
  -1.47833576365965724264e-01-j1.64485330893446024536e-01
  -1.51165066644057904943e-01-j1.64573390752934839432e-01
  -1.54332098740983386653e-01-j1.65056599257493302746e-01
  -1.57062886218902131308e-01-j1.65956200413210713807e-01
  -1.59380829385458722136e-01-j1.67247529386505999760e-01
  -1.61795003428122335931e-01-j1.67476236461169103453e-01
  -1.64275005013919367380e-01-j1.66974869937952019594e-01
  -1.67557098680159000104e-01-j1.65739246080389812654e-01
  -1.71228985091928381790e-01-j1.64141289163255044148e-01
  -1.74642910615854629608e-01-j1.64826990821323099423e-01
  -1.77967661966095175297e-01-j1.66277357812094378486e-01
  -1.80682058028075381850e-01-j1.66321223327484529753e-01
  -1.83264694724442178675e-01-j1.66068651575198705794e-01
  -1.85760689940337064829e-01-j1.65229912675694590174e-01
  -1.88242355445914999468e-01-j1.64326197440115506776e-01
  -1.91980625652790337643e-01-j1.63296906555853466037e-01
  -1.95742478717773560337e-01-j1.62353803028726179081e-01
  -1.99580091746780596829e-01-j1.62788384732214130857e-01
  -2.03116320695404806163e-01-j1.63176710282719933387e-01
  -2.04821595861286842588e-01-j1.63299631815089163478e-01
  -2.06909476718988238897e-01-j1.63114190166238015589e-01
  -2.10399284719336082672e-01-j1.61809762297014630983e-01
  -2.13843335714690829796e-01-j1.60759937638256383829e-01
  -2.17181817876116012300e-01-j1.60326907483570174628e-01
  -2.20517256676353357037e-01-j1.60063838385711809664e-01
  -2.23848708631790460633e-01-j1.60090593207789927410e-01
  -2.26659840413672791781e-01-j1.59777852151159666105e-01
  -2.28842225936140009068e-01-j1.59047268423447324404e-01
  -2.31883692435013361033e-01-j1.57570837861515128386e-01
  -2.35688717111400686255e-01-j1.55431796017727608117e-01
  -2.39678664703006694126e-01-j1.54336937868396167906e-01
  -2.43785160093537733861e-01-j1.53918561570232897973e-01
  -2.46444340657407057193e-01-j1.53506955969118730199e-01
  -2.48433114834033963447e-01-j1.53099189818513919947e-01
  -2.50701866562014819007e-01-j1.52339508695209319145e-01
  -2.53052282275550821655e-01-j1.51469647622727493497e-01
  -2.57024984759801733425e-01-j1.49292278539051942454e-01
  -2.61301669066661801377e-01-j1.46868180753891769408e-01
  -2.64107077731650874419e-01-j1.47582630659260277683e-01
  -2.66773980293689316756e-01-j1.48575002937720079821e-01
</dep>
<dep S[1,2] frequency>
  +2.96262181305058380776e-01-j7.06672090839326454831e-03
  +2.96282598420940845863e-01-j9.37800965308398064291e-03
  +2.96211967410532572842e-01-j1.17213784698252474620e-02
  +2.95907052127473479963e-01-j1.39723858602045121480e-02
  +2.95297203422340448498e-01-j1.60988377107989452663e-02
  +2.95119803246319201140e-01-j1.83138349944623086973e-02
  +2.95358237223444564101e-01-j2.06189499743030871248e-02
  +2.95437560957900302583e-01-j2.29905735750492619396e-02
  +2.95401536036711709343e-01-j2.54081102128260113981e-02
  +2.95248726914914383368e-01-j2.77368509204691006398e-02
  +2.95032962069033455332e-01-j3.00200672348454565552e-02
  +2.94736359865369224043e-01-j3.22655301462374116683e-02
  +2.94406315170581744933e-01-j3.44967683249896711617e-02
  +2.93932419734161731739e-01-j3.67519651931385304966e-02
  +2.93420295155741861493e-01-j3.90100447871227912211e-02
  +2.93080178062950280626e-01-j4.09569334462731651780e-02
  +2.92753954672006988513e-01-j4.28679969402249935739e-02
  +2.92373885974848812808e-01-j4.52720293963767422829e-02
  +2.91981882491113731160e-01-j4.76660756282027003872e-02
  +2.91563867737711923667e-01-j4.97083541465342879095e-02
  +2.91153045488263706453e-01-j5.17865948566804609743e-02
  +2.90827620252113117072e-01-j5.41095160323222940102e-02
  +2.90400543445569425671e-01-j5.64168472855219316209e-02
  +2.89619322133568779520e-01-j5.86664107793473041386e-02
  +2.88950722004696236578e-01-j6.08819377872762620973e-02
  +2.88572299712821223050e-01-j6.30218878703069224079e-02
  +2.88162711422643880166e-01-j6.51367580599772066918e-02
  +2.87705387497591336121e-01-j6.72090159615373189395e-02
  +2.87030353706669183467e-01-j6.93771472972170150095e-02
  +2.86084573520585250250e-01-j7.16625200389178484972e-02
  +2.85325370729257066227e-01-j7.37425435880822432999e-02
  +2.84737577301125754925e-01-j7.56370913654801219073e-02
  +2.84338484261165647116e-01-j7.80879219960989995331e-02
  +2.84056597220557816019e-01-j8.09099437659163700509e-02
  +2.83483786731799802805e-01-j8.30184111879847808080e-02
  +2.82773176666019310233e-01-j8.47864210697033826580e-02
  +2.81967492131540709011e-01-j8.67750303875331058245e-02
  +2.81125907985026957103e-01-j8.88317995998335191432e-02
  +2.80226429584962355435e-01-j9.12987958463813281673e-02
  +2.79305633317907975322e-01-j9.38431467691764470418e-02
  +2.78827295494513238694e-01-j9.59321582924051174945e-02
  +2.78384717852391327941e-01-j9.79773451135552142510e-02
  +2.77450229600055997548e-01-j1.00133821002076961459e-01
  +2.76509463804409327814e-01-j1.02276208984615105124e-01
  +2.75647543478906464909e-01-j1.04266221305984091439e-01
  +2.74824334901396349906e-01-j1.06223082044932318202e-01
  +2.74260596135332102019e-01-j1.08005222620597696181e-01
  +2.73500048048464783346e-01-j1.09890670266121773246e-01
  +2.72073286933143532185e-01-j1.12132047246310789790e-01
  +2.70856750246776356583e-01-j1.14426690566919356251e-01
  +2.70134158869658136393e-01-j1.16858737657536321253e-01
  +2.69298214155450466034e-01-j1.19128840174409195152e-01
  +2.68287111392550847722e-01-j1.21135097593153856499e-01
  +2.67134106247101099640e-01-j1.23105933803112618796e-01
  +2.65815904259779967056e-01-j1.25034043289061175264e-01
  +2.64631479218657872376e-01-j1.26992019699264102606e-01
  +2.63560855114723713299e-01-j1.28976299503595182028e-01
  +2.62436667072413642998e-01-j1.31076502200194372483e-01
  +2.61274947372269861212e-01-j1.33247149903266415283e-01
  +2.59899893514115243320e-01-j1.35534716866632071186e-01
  +2.58424172373621419130e-01-j1.37868876538962681355e-01
  +2.57447501963459723928e-01-j1.39927034265803273971e-01
  +2.56614327106724160465e-01-j1.41902888569541973940e-01
  +2.55636096180192673444e-01-j1.43742522369475295152e-01
  +2.54626816201374284176e-01-j1.45554820282991936864e-01
  +2.53005434970200115963e-01-j1.47666671290842405062e-01
  +2.51330092975831920210e-01-j1.49790596092307548570e-01
  +2.50121989759611917936e-01-j1.51332540462937759074e-01
  +2.48899359668575154148e-01-j1.52958763343137960078e-01
  +2.47557604144134996149e-01-j1.55563349908206360883e-01
  +2.46158736925930821116e-01-j1.57990803763842446727e-01
  +2.44524755499470447528e-01-j1.59519799445612397992e-01
  +2.43033141002806318820e-01-j1.61202222004717898862e-01
  +2.42001871714699834381e-01-j1.63392592644533318769e-01
  +2.40760597162593154019e-01-j1.65425959450147624930e-01
  +2.39080861601386418513e-01-j1.67120726811114173049e-01
  +2.37466050891718405413e-01-j1.69031412922018980938e-01
  +2.35949571668172292105e-01-j1.71277923938306153584e-01
  +2.34324307696854555738e-01-j1.73360661860585213434e-01
  +2.32580830724064879789e-01-j1.75260091925631744658e-01
  +2.31066211880397887057e-01-j1.77243284081613522440e-01
  +2.29736110423185174723e-01-j1.79296032739785365928e-01
  +2.28423651748334621825e-01-j1.80827326743773664219e-01
  +2.27122715651073558973e-01-j1.82048895606718524887e-01
  +2.25409648215045388397e-01-j1.83996198191661852750e-01
  +2.23517103650256898639e-01-j1.86237279002218203416e-01
  +2.22382995291455554110e-01-j1.87878119054498443630e-01
  +2.21454233276607403980e-01-j1.89354188325533578929e-01
  +2.18954564765628356682e-01-j1.91057164487094699457e-01
  +2.16201536128164201189e-01-j1.92779487882507039043e-01
  +2.14578104929309648741e-01-j1.94549280157466225605e-01
  +2.13011791522233512319e-01-j1.96316951787437937726e-01
  +2.11068680907365885391e-01-j1.98098124692085930665e-01
  +2.09164555647811029049e-01-j1.99828511881290388219e-01
  +2.07687015136742508803e-01-j2.01168870695067614207e-01
  +2.06125701706357356002e-01-j2.02560932072782751145e-01
  +2.04183270025438096118e-01-j2.04214798677559206119e-01
  +2.02222707160103570834e-01-j2.05801820048803651986e-01
  +2.00221935891386815243e-01-j2.07209083557784667917e-01
  +1.97984862501835751081e-01-j2.08771396665768299572e-01
  +1.95271401008303563396e-01-j2.10652088070976017953e-01
  +1.93215540715970301999e-01-j2.12546506937845797180e-01
  +1.92114517613538510199e-01-j2.14478994512321718968e-01
  +1.90369689046987755621e-01-j2.15993431854388351354e-01
  +1.87953720123204270909e-01-j2.17060637877146828112e-01
  +1.85866655124885427064e-01-j2.18516307604350701332e-01
  +1.84026687931437810120e-01-j2.20271949306485331777e-01
  +1.81956084024879005678e-01-j2.21388697212513890777e-01
  +1.79759350943194229355e-01-j2.22145337002081416644e-01
  +1.77344173770877466811e-01-j2.24296646676150901456e-01
  +1.74827483619855339469e-01-j2.26978714562684813494e-01
  +1.72640954783034816789e-01-j2.27963897386107450238e-01
  +1.70540578578656037978e-01-j2.28516903535533943970e-01
  +1.68312560599081562085e-01-j2.30195207486197289670e-01
  +1.66057076417208099306e-01-j2.32022276488147216611e-01
  +1.63745825039145614932e-01-j2.33664901048251133497e-01
  +1.61420498969726960992e-01-j2.35231197069195707705e-01
  +1.58938533632559386710e-01-j2.35140650005091600416e-01
  +1.56529165054622859676e-01-j2.35250040722760705991e-01
  +1.54644747009902744361e-01-j2.37024712114855456990e-01
  +1.52604674990643424115e-01-j2.38662824388475719450e-01
  +1.49930461563687472681e-01-j2.39734640851750807622e-01
  +1.47372558296328476368e-01-j2.40954374870612553217e-01
  +1.45136332750566837690e-01-j2.42609184725415816253e-01
  +1.42981295477343839373e-01-j2.43695349985139086968e-01
  +1.40996236271117098005e-01-j2.43712958936676882260e-01
  +1.38434819505324158140e-01-j2.44431679314945332626e-01
  +1.35076420357045756671e-01-j2.46098469860979301993e-01
  +1.32420401738982757012e-01-j2.47382853034226302125e-01
  +1.30469034039561032623e-01-j2.48297895810023566687e-01
  +1.27857098157216242384e-01-j2.49236464883097336154e-01
  +1.24764843323137919473e-01-j2.50181433321808754933e-01
  +1.22616626808651402181e-01-j2.50939753536984333504e-01
  +1.20961015245156053299e-01-j2.51602655272797792740e-01
  +1.18048895741897752476e-01-j2.52580572226274668868e-01
  +1.14680469130459594673e-01-j2.53654389370352284505e-01
  +1.12142957683716085193e-01-j2.54221137191675217171e-01
  +1.09798246001048413478e-01-j2.54664420253092937951e-01
  +1.07658724837433480981e-01-j2.55343862473165650329e-01
  +1.05542392501689966111e-01-j2.56044580926621911932e-01
  +1.02500743083675169287e-01-j2.57238282937941320494e-01
  +9.94344130221443134321e-02-j2.58392114099108227698e-01
  +9.66004303026617855421e-02-j2.58741475226705763824e-01
  +9.37944356562841474734e-02-j2.59109192071485527897e-01
  +9.11732245884781800083e-02-j2.59692041591656708199e-01
  +8.85097232345462836545e-02-j2.60337140039080927600e-01
  +8.56798779109254615705e-02-j2.61263373727605274777e-01
  +8.28167220732842768172e-02-j2.61746179900404829510e-01
  +7.98848835230383386152e-02-j2.61119522131491699213e-01
  +7.69930003709085458707e-02-j2.60981965836973139883e-01
  +7.41544208953033578968e-02-j2.61724444532992261969e-01
  +7.13896508341304580902e-02-j2.62341833635487575727e-01
  +6.87225443514120903910e-02-j2.62804951885520443611e-01
  +6.59839416110262200199e-02-j2.63170389349554612046e-01
  +6.31792190090991190310e-02-j2.63441531565822228966e-01
  +6.06360669109265448817e-02-j2.63581696375399743282e-01
  +5.82736171551185427875e-02-j2.63631097787782819886e-01
  +5.50390035398703805769e-02-j2.63859513085489050255e-01
  +5.13768650791152428625e-02-j2.64158287353605247816e-01
  +4.85979069611466307776e-02-j2.64008711938403417552e-01
  +4.61196111298013480817e-02-j2.63704905049090276847e-01
  +4.33857139797855506647e-02-j2.63694445389968779025e-01
  +4.06003555799230725354e-02-j2.63734010725026224442e-01
  +3.73749694159943024463e-02-j2.63698789701110158923e-01
  +3.41078913204276232274e-02-j2.63637635867414621416e-01
  +3.12862774525697606709e-02-j2.62873380556615077186e-01
  +2.84454549845900329930e-02-j2.62164065077020169703e-01
  +2.50388850682037589213e-02-j2.62660563971538474348e-01
  +2.17467251647704591655e-02-j2.62869966629210971565e-01
  +1.91985173908495766748e-02-j2.61417836086006716290e-01
  +1.66819758845272898828e-02-j2.60363575153178039567e-01
  +1.42287458199997773889e-02-j2.60763106816865541937e-01
  +1.15652274801521862124e-02-j2.60839626358346843293e-01
  +8.41001861554443660984e-03-j2.60156106852695467868e-01
  +5.37631754776701862447e-03-j2.59227196307727281166e-01
  +2.54454680298721097262e-03-j2.57901932825597479670e-01
  -1.32525603223921886091e-04-j2.57211598751671488561e-01
  -2.63570113908230931402e-03-j2.57296126073633002473e-01
  -5.34213655881746272286e-03-j2.56694648626994925689e-01
  -8.21922448012836481812e-03-j2.55479773373075702558e-01
  -1.11884239350745554042e-02-j2.54501415021320842591e-01
  -1.42158074531150823566e-02-j2.53669010664958671786e-01
  -1.72252897992390581472e-02-j2.52860471366036176910e-01
  -2.02221882472364625216e-02-j2.52053886258953363519e-01
  -2.30568317924435516042e-02-j2.50730656901748116816e-01
  -2.58285579154932110058e-02-j2.49239623227149487139e-01
  -2.81101563520084578307e-02-j2.48425950444843085529e-01
  -3.02964199333305324313e-02-j2.47733787305118885458e-01
  -3.33739981158312284948e-02-j2.46123861627776052696e-01
  -3.65115475510981307705e-02-j2.44418128084846836279e-01
</dep>
<dep S[2,1] frequency>
  +2.96262181305058380776e-01-j7.06672090839326454831e-03
  +2.96282598420940845863e-01-j9.37800965308397890818e-03
  +2.96211967410532628353e-01-j1.17213784698252474620e-02
  +2.95907052127473479963e-01-j1.39723858602045138827e-02
  +2.95297203422340504009e-01-j1.60988377107989487358e-02
  +2.95119803246319145629e-01-j1.83138349944623017584e-02
  +2.95358237223444564101e-01-j2.06189499743030871248e-02
  +2.95437560957900247072e-01-j2.29905735750492550007e-02
  +2.95401536036711653832e-01-j2.54081102128260044593e-02
  +2.95248726914914438879e-01-j2.77368509204691006398e-02
  +2.95032962069033399821e-01-j3.00200672348454565552e-02
  +2.94736359865369224043e-01-j3.22655301462374116683e-02
  +2.94406315170581744933e-01-j3.44967683249896642228e-02
  +2.93932419734161731739e-01-j3.67519651931385374355e-02
  +2.93420295155741805981e-01-j3.90100447871227912211e-02
  +2.93080178062950280626e-01-j4.09569334462731651780e-02
  +2.92753954672006933002e-01-j4.28679969402249935739e-02
  +2.92373885974848701785e-01-j4.52720293963767284051e-02
  +2.91981882491113731160e-01-j4.76660756282027142650e-02
  +2.91563867737711979178e-01-j4.97083541465342948484e-02
  +2.91153045488263706453e-01-j5.17865948566804609743e-02
  +2.90827620252113117072e-01-j5.41095160323222940102e-02
  +2.90400543445569425671e-01-j5.64168472855219316209e-02
  +2.89619322133568779520e-01-j5.86664107793473041386e-02
  +2.88950722004696236578e-01-j6.08819377872762482196e-02
  +2.88572299712821223050e-01-j6.30218878703069085301e-02
  +2.88162711422643880166e-01-j6.51367580599772066918e-02
  +2.87705387497591391632e-01-j6.72090159615373189395e-02
  +2.87030353706669294489e-01-j6.93771472972170011317e-02
  +2.86084573520585305761e-01-j7.16625200389178484972e-02
  +2.85325370729257010716e-01-j7.37425435880822432999e-02
  +2.84737577301125810436e-01-j7.56370913654801219073e-02
  +2.84338484261165591604e-01-j7.80879219960989995331e-02
  +2.84056597220557760508e-01-j8.09099437659163700509e-02
  +2.83483786731799858316e-01-j8.30184111879847808080e-02
  +2.82773176666019310233e-01-j8.47864210697033826580e-02
  +2.81967492131540653499e-01-j8.67750303875331058245e-02
  +2.81125907985027012614e-01-j8.88317995998335191432e-02
  +2.80226429584962355435e-01-j9.12987958463813142895e-02
  +2.79305633317907975322e-01-j9.38431467691764470418e-02
  +2.78827295494513183183e-01-j9.59321582924051313723e-02
  +2.78384717852391327941e-01-j9.79773451135552142510e-02
  +2.77450229600055997548e-01-j1.00133821002076961459e-01
  +2.76509463804409327814e-01-j1.02276208984615105124e-01
  +2.75647543478906520420e-01-j1.04266221305984091439e-01
  +2.74824334901396460928e-01-j1.06223082044932345958e-01
  +2.74260596135332157530e-01-j1.08005222620597710059e-01
  +2.73500048048464838857e-01-j1.09890670266121787124e-01
  +2.72073286933143476674e-01-j1.12132047246310789790e-01
  +2.70856750246776412094e-01-j1.14426690566919370129e-01
  +2.70134158869658080881e-01-j1.16858737657536321253e-01
  +2.69298214155450521545e-01-j1.19128840174409209030e-01
  +2.68287111392550847722e-01-j1.21135097593153856499e-01
  +2.67134106247101044129e-01-j1.23105933803112604918e-01
  +2.65815904259779911545e-01-j1.25034043289061147508e-01
  +2.64631479218657816865e-01-j1.26992019699264102606e-01
  +2.63560855114723657788e-01-j1.28976299503595209783e-01
  +2.62436667072413642998e-01-j1.31076502200194372483e-01
  +2.61274947372269916723e-01-j1.33247149903266470794e-01
  +2.59899893514115187809e-01-j1.35534716866632098942e-01
  +2.58424172373621474641e-01-j1.37868876538962709111e-01
  +2.57447501963459723928e-01-j1.39927034265803273971e-01
  +2.56614327106724160465e-01-j1.41902888569541946184e-01
  +2.55636096180192617933e-01-j1.43742522369475295152e-01
  +2.54626816201374284176e-01-j1.45554820282991936864e-01
  +2.53005434970200060452e-01-j1.47666671290842405062e-01
  +2.51330092975831864699e-01-j1.49790596092307548570e-01
  +2.50121989759611917936e-01-j1.51332540462937786829e-01
  +2.48899359668575154148e-01-j1.52958763343137960078e-01
  +2.47557604144135079416e-01-j1.55563349908206360883e-01
  +2.46158736925930793360e-01-j1.57990803763842446727e-01
  +2.44524755499470447528e-01-j1.59519799445612397992e-01
  +2.43033141002806346576e-01-j1.61202222004717926618e-01
  +2.42001871714699834381e-01-j1.63392592644533318769e-01
  +2.40760597162593181775e-01-j1.65425959450147624930e-01
  +2.39080861601386363002e-01-j1.67120726811114173049e-01
  +2.37466050891718377658e-01-j1.69031412922018953182e-01
  +2.35949571668172236594e-01-j1.71277923938306153584e-01
  +2.34324307696854472471e-01-j1.73360661860585213434e-01
  +2.32580830724064907544e-01-j1.75260091925631744658e-01
  +2.31066211880397859302e-01-j1.77243284081613522440e-01
  +2.29736110423185146967e-01-j1.79296032739785338173e-01
  +2.28423651748334621825e-01-j1.80827326743773664219e-01
  +2.27122715651073558973e-01-j1.82048895606718524887e-01
  +2.25409648215045471664e-01-j1.83996198191661852750e-01
  +2.23517103650257009662e-01-j1.86237279002218231172e-01
  +2.22382995291455498599e-01-j1.87878119054498443630e-01
  +2.21454233276607376224e-01-j1.89354188325533578929e-01
  +2.18954564765628301171e-01-j1.91057164487094699457e-01
  +2.16201536128164090167e-01-j1.92779487882506983532e-01
  +2.14578104929309676496e-01-j1.94549280157466197849e-01
  +2.13011791522233512319e-01-j1.96316951787437909971e-01
  +2.11068680907365940902e-01-j1.98098124692085958420e-01
  +2.09164555647810973538e-01-j1.99828511881290360463e-01
  +2.07687015136742564314e-01-j2.01168870695067669718e-01
  +2.06125701706357356002e-01-j2.02560932072782751145e-01
  +2.04183270025438207140e-01-j2.04214798677559206119e-01
  +2.02222707160103570834e-01-j2.05801820048803624230e-01
  +2.00221935891386787487e-01-j2.07209083557784667917e-01
  +1.97984862501835751081e-01-j2.08771396665768271816e-01
  +1.95271401008303480129e-01-j2.10652088070976017953e-01
  +1.93215540715970301999e-01-j2.12546506937845797180e-01
  +1.92114517613538510199e-01-j2.14478994512321663457e-01
  +1.90369689046987866643e-01-j2.15993431854388406865e-01
  +1.87953720123204243153e-01-j2.17060637877146828112e-01
  +1.85866655124885399308e-01-j2.18516307604350673577e-01
  +1.84026687931437837875e-01-j2.20271949306485331777e-01
  +1.81956084024878950167e-01-j2.21388697212513890777e-01
  +1.79759350943194118333e-01-j2.22145337002081416644e-01
  +1.77344173770877411300e-01-j2.24296646676150845945e-01
  +1.74827483619855339469e-01-j2.26978714562684757983e-01
  +1.72640954783034761277e-01-j2.27963897386107394727e-01
  +1.70540578578656093489e-01-j2.28516903535533943970e-01
  +1.68312560599081562085e-01-j2.30195207486197261915e-01
  +1.66057076417208043795e-01-j2.32022276488147161100e-01
  +1.63745825039145559421e-01-j2.33664901048251077986e-01
  +1.61420498969726988747e-01-j2.35231197069195652194e-01
  +1.58938533632559331199e-01-j2.35140650005091544905e-01
  +1.56529165054622859676e-01-j2.35250040722760733747e-01
  +1.54644747009902772117e-01-j2.37024712114855456990e-01
  +1.52604674990643368604e-01-j2.38662824388475663939e-01
  +1.49930461563687444926e-01-j2.39734640851750752111e-01
  +1.47372558296328420857e-01-j2.40954374870612525461e-01
  +1.45136332750566754424e-01-j2.42609184725415816253e-01
  +1.42981295477343839373e-01-j2.43695349985139114724e-01
  +1.40996236271117098005e-01-j2.43712958936676854504e-01
  +1.38434819505324158140e-01-j2.44431679314945304871e-01
  +1.35076420357045756671e-01-j2.46098469860979274237e-01
  +1.32420401738982812523e-01-j2.47382853034226302125e-01
  +1.30469034039561032623e-01-j2.48297895810023511176e-01
  +1.27857098157216242384e-01-j2.49236464883097391665e-01
  +1.24764843323137974984e-01-j2.50181433321808754933e-01
  +1.22616626808651388303e-01-j2.50939753536984389015e-01
  +1.20961015245155970033e-01-j2.51602655272797792740e-01
  +1.18048895741897780232e-01-j2.52580572226274668868e-01
  +1.14680469130459636307e-01-j2.53654389370352228994e-01
  +1.12142957683716126827e-01-j2.54221137191675217171e-01
  +1.09798246001048413478e-01-j2.54664420253092937951e-01
  +1.07658724837433536492e-01-j2.55343862473165650329e-01
  +1.05542392501689952233e-01-j2.56044580926621911932e-01
  +1.02500743083675141532e-01-j2.57238282937941431516e-01
  +9.94344130221443828210e-02-j2.58392114099108227698e-01
  +9.66004303026617855421e-02-j2.58741475226705763824e-01
  +9.37944356562841474734e-02-j2.59109192071485583408e-01
  +9.11732245884781800083e-02-j2.59692041591656708199e-01
  +8.85097232345462558989e-02-j2.60337140039080927600e-01
  +8.56798779109254893260e-02-j2.61263373727605274777e-01
  +8.28167220732842490616e-02-j2.61746179900404829510e-01
  +7.98848835230383247374e-02-j2.61119522131491643702e-01
  +7.69930003709085181152e-02-j2.60981965836973139883e-01
  +7.41544208953033578968e-02-j2.61724444532992206458e-01
  +7.13896508341304303347e-02-j2.62341833635487631238e-01
  +6.87225443514120626354e-02-j2.62804951885520443611e-01
  +6.59839416110262616533e-02-j2.63170389349554612046e-01
  +6.31792190090990773976e-02-j2.63441531565822228966e-01
  +6.06360669109265310039e-02-j2.63581696375399743282e-01
  +5.82736171551185289097e-02-j2.63631097787782819886e-01
  +5.50390035398703528213e-02-j2.63859513085489050255e-01
  +5.13768650791151873514e-02-j2.64158287353605247816e-01
  +4.85979069611466446554e-02-j2.64008711938403417552e-01
  +4.61196111298013480817e-02-j2.63704905049090276847e-01
  +4.33857139797856061758e-02-j2.63694445389968779025e-01
  +4.06003555799230864132e-02-j2.63734010725026279953e-01
  +3.73749694159942885685e-02-j2.63698789701110158923e-01
  +3.41078913204276232274e-02-j2.63637635867414621416e-01
  +3.12862774525697953654e-02-j2.62873380556615077186e-01
  +2.84454549845900052374e-02-j2.62164065077020225214e-01
  +2.50388850682037034101e-02-j2.62660563971538474348e-01
  +2.17467251647704452877e-02-j2.62869966629210916054e-01
  +1.91985173908495627970e-02-j2.61417836086006716290e-01
  +1.66819758845272447800e-02-j2.60363575153178095078e-01
  +1.42287458199997357555e-02-j2.60763106816865597448e-01
  +1.15652274801522139680e-02-j2.60839626358346843293e-01
  +8.41001861554438283342e-03-j2.60156106852695412357e-01
  +5.37631754776704638005e-03-j2.59227196307727225655e-01
  +2.54454680298721097262e-03-j2.57901932825597479670e-01
  -1.32525603223921886091e-04-j2.57211598751671488561e-01
  -2.63570113908228199212e-03-j2.57296126073633002473e-01
  -5.34213655881746272286e-03-j2.56694648626994925689e-01
  -8.21922448012836481812e-03-j2.55479773373075702558e-01
  -1.11884239350745692820e-02-j2.54501415021320842591e-01
  -1.42158074531150823566e-02-j2.53669010664958616275e-01
  -1.72252897992390442694e-02-j2.52860471366036176910e-01
  -2.02221882472364763994e-02-j2.52053886258953363519e-01
  -2.30568317924435516042e-02-j2.50730656901748172327e-01
  -2.58285579154931832502e-02-j2.49239623227149487139e-01
  -2.81101563520084439529e-02-j2.48425950444843085529e-01
  -3.02964199333305324313e-02-j2.47733787305118885458e-01
  -3.33739981158312423726e-02-j2.46123861627776024941e-01
  -3.65115475510980613816e-02-j2.44418128084846836279e-01
</dep>
<dep S[2,2] frequency>
  +3.24773074058255714625e-02-j2.87487009030970401546e-03
  +3.21653161663601402931e-02-j3.57548936244650580538e-03
  +3.24034898558846068406e-02-j4.15123208757339681035e-03
  +3.24739504520088831385e-02-j4.96266276834115768746e-03
  +3.23227996247238483218e-02-j6.08445855381790912109e-03
  +3.26048655760477895660e-02-j7.01139215743603726877e-03
  +3.33052103331423904331e-02-j7.75148699732781075455e-03
  +3.34444390759382204070e-02-j8.68866694702868404276e-03
  +3.31881132275943999121e-02-j9.76367160650618015616e-03
  +3.30607678472523147661e-02-j1.07674163023368189146e-02
  +3.29978515409969641592e-02-j1.17350702264592439417e-02
  +3.31003496294347346329e-02-j1.25185666826767988402e-02
  +3.32593767803073259159e-02-j1.32385782703599696325e-02
  +3.33133560977393328173e-02-j1.45664360774369981005e-02
  +3.33425157796382112818e-02-j1.60268588165670619605e-02
  +3.31911556132105031724e-02-j1.69915125150796493536e-02
  +3.30187475229134219656e-02-j1.79003801573075355114e-02
  +3.26350197453248863644e-02-j1.91858666993307697135e-02
  +3.22878252559300471525e-02-j2.04338724366347340711e-02
  +3.26774413312816494614e-02-j2.09020286453408428440e-02
  +3.29576789124196023462e-02-j2.14818833793293875734e-02
  +3.25276490848524363342e-02-j2.27892642215080480639e-02
  +3.22340857161780985907e-02-j2.40797608790510042631e-02
  +3.24559265196908072748e-02-j2.53083401575612230994e-02
  +3.25055161466115127844e-02-j2.64775676212490804207e-02
  +3.21342756222305417357e-02-j2.74995630539353885791e-02
  +3.18447537405315075909e-02-j2.84671812007092003838e-02
  +3.16972930124846327682e-02-j2.93419041535792207709e-02
  +3.15877132572838156821e-02-j3.03270202277768977095e-02
  +3.15251812663625285982e-02-j3.14502014518618228101e-02
  +3.13305470280403550176e-02-j3.25540931437372227375e-02
  +3.10156641349740268276e-02-j3.36400970194796131163e-02
  +3.10777665926905734273e-02-j3.48374471378058089832e-02
  +3.13887904119818095250e-02-j3.61089567851474377291e-02
  +3.10300317781584816812e-02-j3.73895380876255803426e-02
  +3.03541347030293617859e-02-j3.86736370349462649232e-02
  +2.99162450773606883314e-02-j4.00005995471433561939e-02
  +2.95534672032584377899e-02-j4.13409959197257800834e-02
  +2.93763961924693554895e-02-j4.29157360680350180582e-02
  +2.92343249860929910167e-02-j4.45355948580596835984e-02
  +2.92120853135259574140e-02-j4.55299384133289256060e-02
  +2.92001907821011069677e-02-j4.64641201025924738266e-02
  +2.89686177068777979404e-02-j4.73855056240684649471e-02
  +2.86748811727335906063e-02-j4.83431836620831015261e-02
  +2.75880804851823327462e-02-j4.97952135260156386609e-02
  +2.66009106803868147773e-02-j5.11979496708996062448e-02
  +2.62001635869763480069e-02-j5.23211047410118701428e-02
  +2.59003708770669943684e-02-j5.34554887890282756646e-02
  +2.59500748495564807772e-02-j5.46315107534934285560e-02
  +2.56542829127690413804e-02-j5.58402984385777192977e-02
  +2.45658186121763717769e-02-j5.71259000310726169913e-02
  +2.38703210363702643393e-02-j5.85523418259788624995e-02
  +2.38150472451104794347e-02-j6.02088511751289259810e-02
  +2.36366232319265290318e-02-j6.19996595045611970098e-02
  +2.33138151972448783023e-02-j6.39479536197065379088e-02
  +2.26205552348230226611e-02-j6.53360762954161844451e-02
  +2.16076882253610838558e-02-j6.62408730207184326400e-02
  +2.07349467890108746237e-02-j6.70788188921044026269e-02
  +1.99494870875762328466e-02-j6.78747639696407889520e-02
  +1.85419817596577558849e-02-j6.94626365849352750415e-02
  +1.68583869117875373433e-02-j7.13989835564305258542e-02
  +1.65783630404559186033e-02-j7.32190216239225338812e-02
  +1.67137591691946321704e-02-j7.50041915618747112582e-02
  +1.64793958309681458363e-02-j7.63367906115430816527e-02
  +1.61776278302427078959e-02-j7.75877405043116225025e-02
  +1.43747786548620425789e-02-j7.89756770643900707363e-02
  +1.24601688956578818268e-02-j8.03693481563490935704e-02
  +1.20273471967591097376e-02-j8.12736446888871894023e-02
  +1.15651430030972203478e-02-j8.23140892780108435201e-02
  +1.07795574256247563005e-02-j8.48666676191851127031e-02
  +9.93856136558175784490e-03-j8.71844768552046955890e-02
  +8.82360109891916141733e-03-j8.82959654396726911774e-02
  +7.77108629418793699778e-03-j8.93577159859381964235e-02
  +6.91963886923691474246e-03-j9.02664146016570884123e-02
  +5.77982050306974359799e-03-j9.13609555052471156156e-02
  +4.02170558144921731769e-03-j9.28555218440703517002e-02
  +2.96309853945458945290e-03-j9.44314503490840534417e-02
  +2.97322717714641792178e-03-j9.61345693753882651889e-02
  +2.22950122588527711517e-03-j9.76452580802813219218e-02
  +6.46980190317836267866e-04-j9.89410634967794605510e-02
  -1.35593735357676225400e-03-j1.00151314798342466750e-01
  -3.70086888002967278472e-03-j1.01291185824410767680e-01
  -4.98138731877521660774e-03-j1.03309340980896002815e-01
  -5.63474572067918996754e-03-j1.05844884439007941301e-01
  -6.10774036674145009984e-03-j1.07113513829986406467e-01
  -6.50670917500860163801e-03-j1.07855963691684084149e-01
  -7.69028872005293132746e-03-j1.08588713637992634320e-01
  -9.08947702767742143903e-03-j1.09318456615220577222e-01
  -1.12462096325908582350e-02-j1.11851733664695737747e-01
  -1.35227470216422885479e-02-j1.14665002719540054521e-01
  -1.44435856440881492391e-02-j1.15775730185777955827e-01
  -1.52881236214362104670e-02-j1.16785801485790416421e-01
  -1.66037578409667825607e-02-j1.18236371668335990548e-01
  -1.80159610838621364604e-02-j1.19596358144748962649e-01
  -2.03148127406446686594e-02-j1.20137747743943645862e-01
  -2.25035665488513662857e-02-j1.20874793930062868208e-01
  -2.41738675547038817104e-02-j1.22540810095425459214e-01
  -2.57834078331666410877e-02-j1.24309017970536478392e-01
  -2.72153195084568547135e-02-j1.26386269756577324097e-01
  -2.88417537155583256214e-02-j1.27884135977453766708e-01
  -3.08602618193011060677e-02-j1.28215154687707999503e-01
  -3.25650583861560455334e-02-j1.29230313652629213994e-01
  -3.38185990306665087979e-02-j1.31236721797275274204e-01
  -3.54834779909251954444e-02-j1.32800761325564453674e-01
  -3.75777248323584667222e-02-j1.33897167107752956827e-01
  -3.89597762642723069448e-02-j1.35063767146538199482e-01
  -3.97960322089858237193e-02-j1.36284730499796419290e-01
  -4.16506414372354166753e-02-j1.38070604405156172056e-01
  -4.40705233194697912347e-02-j1.40168162376016453008e-01
  -4.63845684817796172217e-02-j1.41577627920226351010e-01
  -4.86570649037958158356e-02-j1.42715725488429090451e-01
  -4.97978487964775146102e-02-j1.44268751783759807683e-01
  -5.06530494669412828523e-02-j1.45925327004557930932e-01
  -5.34415823231110531655e-02-j1.46180757057536386823e-01
  -5.65007172660424578092e-02-j1.46235999786188120009e-01
  -6.16998638810578869940e-02-j1.48921250133064037025e-01
  -6.68846502462201453199e-02-j1.51550966487593724574e-01
  -6.87110882590202948217e-02-j1.49151414038691254582e-01
  -7.03917778165771973464e-02-j1.47152950068539289941e-01
  -7.09316720378577320050e-02-j1.48339568004771021892e-01
  -7.17253947344506925798e-02-j1.49450512954136194299e-01
  -7.36013632712127080504e-02-j1.50243701602826268404e-01
  -7.58882333986337226372e-02-j1.51186649609405726613e-01
  -7.93016935942764122913e-02-j1.52546746282710393716e-01
  -8.18179751824188172815e-02-j1.54082221824394488552e-01
  -8.26325688568735339246e-02-j1.55956754354521415218e-01
  -8.43709295907563716632e-02-j1.56983646535876736339e-01
  -8.73675277464366073499e-02-j1.56853008577403141288e-01
  -9.02796983972763977810e-02-j1.56613359176082905799e-01
  -9.31111023288994227309e-02-j1.56267320854444335954e-01
  -9.57218058740554184061e-02-j1.56825299858854738666e-01
  -9.81703344118433213206e-02-j1.58038753768825174228e-01
  -1.00110705673281077943e-01-j1.59186048833615007014e-01
  -1.01785172215872951607e-01-j1.60298157395498186428e-01
  -1.03725717067153305750e-01-j1.60075741699254425754e-01
  -1.05760798021316687612e-01-j1.59370003763804585217e-01
  -1.09392108937985274575e-01-j1.60259113526702939856e-01
  -1.13389143072110343269e-01-j1.61511239684883317613e-01
  -1.15277828522248271259e-01-j1.62943680483797814773e-01
  -1.16907323088731085470e-01-j1.64396581225862009612e-01
  -1.20130248118463206497e-01-j1.64426122386928524888e-01
  -1.23342417707203153010e-01-j1.64391576669327188487e-01
  -1.25394757026146774770e-01-j1.64075868083602222081e-01
  -1.27680159533406611949e-01-j1.63827227001493991310e-01
  -1.31607480255007791570e-01-j1.64070691943959706682e-01
  -1.35201993050754282200e-01-j1.64568141600829886961e-01
  -1.37497278155702923330e-01-j1.66072204995369010483e-01
  -1.39729622350099363937e-01-j1.66804003268066075583e-01
  -1.41804386771170520820e-01-j1.65568520672312563535e-01
  -1.44374103316762369964e-01-j1.64700846261858740993e-01
  -1.47833576365965696509e-01-j1.64485330893446052292e-01
  -1.51165066644057904943e-01-j1.64573390752934867187e-01
  -1.54332098740983386653e-01-j1.65056599257493330501e-01
  -1.57062886218902131308e-01-j1.65956200413210713807e-01
  -1.59380829385458722136e-01-j1.67247529386505999760e-01
  -1.61795003428122335931e-01-j1.67476236461169103453e-01
  -1.64275005013919367380e-01-j1.66974869937952047350e-01
  -1.67557098680158972348e-01-j1.65739246080389812654e-01
  -1.71228985091928381790e-01-j1.64141289163255044148e-01
  -1.74642910615854629608e-01-j1.64826990821323127179e-01
  -1.77967661966095175297e-01-j1.66277357812094378486e-01
  -1.80682058028075354095e-01-j1.66321223327484557508e-01
  -1.83264694724442178675e-01-j1.66068651575198705794e-01
  -1.85760689940337064829e-01-j1.65229912675694617930e-01
  -1.88242355445914999468e-01-j1.64326197440115534532e-01
  -1.91980625652790337643e-01-j1.63296906555853466037e-01
  -1.95742478717773560337e-01-j1.62353803028726179081e-01
  -1.99580091746780596829e-01-j1.62788384732214103101e-01
  -2.03116320695404833918e-01-j1.63176710282719933387e-01
  -2.04821595861286842588e-01-j1.63299631815089163478e-01
  -2.06909476718988238897e-01-j1.63114190166238043345e-01
  -2.10399284719336054916e-01-j1.61809762297014658738e-01
  -2.13843335714690829796e-01-j1.60759937638256383829e-01
  -2.17181817876116012300e-01-j1.60326907483570202384e-01
  -2.20517256676353329281e-01-j1.60063838385711837420e-01
  -2.23848708631790432877e-01-j1.60090593207789955166e-01
  -2.26659840413672791781e-01-j1.59777852151159666105e-01
  -2.28842225936140009068e-01-j1.59047268423447324404e-01
  -2.31883692435013388788e-01-j1.57570837861515156142e-01
  -2.35688717111400686255e-01-j1.55431796017727635872e-01
  -2.39678664703006666370e-01-j1.54336937868396195661e-01
  -2.43785160093537733861e-01-j1.53918561570232897973e-01
  -2.46444340657407057193e-01-j1.53506955969118730199e-01
  -2.48433114834033991203e-01-j1.53099189818513947703e-01
  -2.50701866562014819007e-01-j1.52339508695209346900e-01
  -2.53052282275550821655e-01-j1.51469647622727521252e-01
  -2.57024984759801733425e-01-j1.49292278539051970210e-01
  -2.61301669066661801377e-01-j1.46868180753891769408e-01
  -2.64107077731650818908e-01-j1.47582630659260277683e-01
  -2.66773980293689372267e-01-j1.48575002937720107576e-01
</dep>
